TNAME Michigan
SNAME Michigan
PIT   570897 56273802 7084999 56391600 6655200 818122 27085691 29 55911600 56273802 7084999
SPDWY 1 42 43
LENGT 2000
LAPS  250
FNAME Michigan Int'l Speedway
CITYN Brooklyn, MI
COUNT USA
PACEA 2 63151499 45000 -45000 0
QUAL  2 2
BLIMP -7571300 32626395
GFLAG 56273802
TTYPE 3
CARS  32 32
TEMP  784 81
TEMP2 807 67
WIND  2147483648 268435456 90 50 357913941
WIND2 2147483648 268435456 80 40 357913941
RAIN  00 00
BLAP  30400
RELS  100
THEAT 11500 9500 7500 16000 12000 9000 7000 12000
TCFF  46151 45401 44651 57535 30800 29989 28989 39000
TCFR  49151 48401 47651 61535 34800 33989 32989 43000
TIRES 64881 4300 120000000 64881 3300 120000000 0
TIRE2 64881 4300 120000000 64881 3300 120000000 0
SCTNS 8 5 3
