676
DEFAULT.CFG
0
45
67
MAKESWP.EXE
46
16483
32768
32RTM.EXE
16484
77608
152108
DPMI32VM.OVL
77609
108056
58376
SF2TURBO.EXE
108057
504866
1163264
SSF2T.BAT
504867
504954
130
TABLES\CHUNLI.MOV
504955
505380
426
TABLES\CHUNLI.MAI
505381
505499
102
TABLES\CHUNLI.OFF
505500
506056
1012
TABLES\CHUNLI.FRM
506057
511377
19800
TABLES\EXP.FRM
511378
511554
320
TABLES\EXP.OFF
511555
511588
140
TABLES\EXP.MAI
511589
511595
2
TABLES\EXP.MOV
511596
511618
18
TABLES\EXP2.FRM
511619
511770
272
TABLES\EXP2.OFF
511771
511804
124
TABLES\EXP2.MAI
511805
511811
2
TABLES\EXP2.MOV
511812
511838
22
TABLES\FIRE00.MAI
511839
511845
2
TABLES\FIRE00.FRM
511846
511944
360
TABLES\FIRE00.MOV
511945
511955
6
TABLES\FIRE00.OFF
511956
511968
12
TABLES\FIRE01.FRM
511969
512223
1152
TABLES\FIRE01.OFF
512224
512239
36
TABLES\FIRE01.MOV
512240
512250
6
TABLES\FIRE01.MAI
512251
512257
2
TABLES\FIRE02.MAI
512258
512264
2
TABLES\FIRE02.MOV
512265
512286
16
TABLES\FIRE02.FRM
512287
513276
5328
TABLES\FIRE02.OFF
513277
513350
108
TABLES\FIRE03.OFF
513351
513367
16
TABLES\FIRE03.FRM
513368
513513
576
TABLES\FIRE03.MOV
513514
513524
6
TABLES\FIRE03.MAI
513525
513531
2
TABLES\FIRE04.OFF
513532
513547
32
TABLES\FIRE04.MAI
513548
513554
2
TABLES\FIRE04.MOV
513555
513572
12
TABLES\FIRE04.FRM
513573
514045
2304
TABLES\FIRE05.MOV
514046
514065
14
TABLES\FIRE05.MAI
514066
514072
2
TABLES\FIRE05.FRM
514073
514741
2712
TABLES\FIRE05.OFF
514742
514785
160
TABLES\FIRE06.MAI
514786
514792
2
TABLES\FIRE06.MOV
514793
514805
8
TABLES\FIRE06.FRM
514806
515162
1704
TABLES\FIRE06.OFF
515163
515182
60
TABLES\FIRE07.OFF
515183
515203
48
TABLES\FIRE07.MAI
515204
515210
2
TABLES\FIRE07.FRM
515211
515396
720
TABLES\FIRE07.MOV
515397
515407
6
TABLES\FIRE08.MOV
515408
515414
2
TABLES\FIRE08.MAI
515415
515421
2
TABLES\FIRE08.OFF
515422
515445
60
TABLES\FIRE08.FRM
515446
515564
360
TABLES\FIRE09.MOV
515565
515573
4
TABLES\FIRE09.MAI
515574
515580
2
TABLES\FIRE09.FRM
515581
515858
1344
TABLES\FIRE09.OFF
515859
515890
60
TABLES\FIRE0A.MAI
515891
515897
2
TABLES\FIRE0A.MOV
515898
515915
12
TABLES\FIRE0A.FRM
515916
516084
720
TABLES\FIRE0A.OFF
516085
516099
12
TABLES\FIRE0B.FRM
516100
516768
2712
TABLES\FIRE0B.MOV
516769
516788
14
TABLES\FIRE0B.OFF
516789
516833
160
TABLES\FIRE0B.MAI
516834
516840
2
TABLES\FIRE0C.MOV
516841
516860
14
TABLES\FIRE0C.FRM
516861
517529
2712
TABLES\FIRE0C.OFF
517530
517574
160
TABLES\FIRE0C.MAI
517575
517581
2
TABLES\RYU.OFF
517582
518054
904
TABLES\RYU.FRM
518055
521822
13680
TABLES\RYU.MOV
521823
522165
352
TABLES\RYU.MAI
522166
522266
86
TABLES\EXP3.FRM
522267
522318
96
TABLES\EXP3.OFF
522319
522329
48
TABLES\EXP3.MAI
522330
522336
2
TABLES\EXP3.MOV
522337
522376
64
TABLES\EXP4.FRM
522377
522415
56
TABLES\EXP4.OFF
522416
522429
28
TABLES\EXP4.MAI
522430
522436
2
TABLES\EXP4.MOV
522437
522458
24
TABLES\BARRELS.FRM
522459
522487
72
TABLES\BARRELS.OFF
522488
522498
12
TABLES\BARRELS.MAI
522499
522505
2
TABLES\BARRELS.MOV
522506
522516
6
TABLES\CRATES.FRM
522517
522547
72
TABLES\CRATES.OFF
522548
522558
12
TABLES\CRATES.MAI
522559
522565
2
TABLES\CRATES.MOV
522566
522574
4
TABLES\EXP5.FRM
522575
522609
56
TABLES\EXP5.OFF
522610
522628
28
TABLES\EXP5.MAI
522629
522635
2
TABLES\EXP5.MOV
522636
522655
14
TABLES\EXP6.FRM
522656
522736
136
TABLES\EXP6.OFF
522737
522786
68
TABLES\EXP6.MAI
522787
522793
2
TABLES\EXP6.MOV
522794
522829
28
SPRITES\AKUMA.PAL
522830
522906
768
SPRITES\BARRELS.IDX
522907
522920
12
SPRITES\BARRELS.RLE
522921
527359
3992
SPRITES\BALROG.PAL
527360
527854
768
SPRITES\BLANKA.PAL
527855
528387
768
SPRITES\CAMMY.PAL
528388
528767
768
SPRITES\CHUNLI.PAL
528768
529218
768
SPRITES\CRATES.PAL
529219
529447
768
SPRITES\EXP6.RLE
529448
548985
56919
SPRITES\VEGAHAND.RLE
548986
553984
4470
SPRITES\EXP6.IDX
553985
554044
68
SPRITES\TOBI.RLE
554045
619246
157586
SPRITES\CHUNLI.NIB
619247
909966
260287
SPRITES\EXP1.RLE
909967
916207
5574
SPRITES\TOBI.IDX
916208
916311
120
SPRITES\EXP2.RLE
916312
917572
1132
SPRITES\EXP1.IDX
917573
917688
140
SPRITES\EXP2.IDX
917689
917786
124
SPRITES\FIRE0.RLE
917787
918969
1060
SPRITES\FEILONG.PAL
918970
919447
768
SPRITES\FIRE1.RLE
919448
921920
2216
SPRITES\FIRE0.IDX
921921
921934
12
SPRITES\FIRE1.IDX
921935
921968
36
SPRITES\FIRE2.RLE
921969
936167
12801
SPRITES\FIRE3.RLE
936168
936889
644
SPRITES\FIRE2.IDX
936890
936982
108
SPRITES\FIRE3.IDX
936983
936999
16
SPRITES\FIRE4.RLE
937000
938104
991
SPRITES\FIRE5.RLE
938105
952314
12720
SPRITES\FIRE4.IDX
952315
952344
32
SPRITES\FIRE5.IDX
952345
952476
160
SPRITES\FIRE6.RLE
952477
957536
4527
SPRITES\FIRE7.RLE
957537
959737
1972
SPRITES\FIRE6.IDX
959738
959789
60
SPRITES\FIRE8.RLE
959790
964369
4107
SPRITES\FIRE7.IDX
964370
964411
48
SPRITES\FIRE9.RLE
964412
974078
8651
SPRITES\FIRE8.IDX
974079
974130
60
SPRITES\FIRE11.RLE
974131
988340
12720
SPRITES\FIRE9.IDX
988341
988393
60
SPRITES\FIRE12.RLE
988394
1002603
12720
SPRITES\FIRE11.IDX
1002604
1002735
160
SPRITES\FIRE10.RLE
1002736
1003986
1122
SPRITES\FIRE12.IDX
1003987
1004118
160
SPRITES\VEGAHAND.IDX
1004119
1004270
192
SPRITES\CHUNLI.NIX
1004271
1004996
892
SPRITES\CRATES.RLE
1004997
1010442
4918
SPRITES\FIRE10.IDX
1010443
1010456
12
SPRITES\HAWK.PAL
1010457
1010867
768
SPRITES\HONDA.PAL
1010868
1011371
768
SPRITES\EXP3.RLE
1011372
1012524
1035
SPRITES\KEN.PAL
1012525
1012894
768
SPRITES\BISON.PAL
1012895
1013399
768
SPRITES\TEST.RLE
1013399
1013399
0
SPRITES\RYU.PAL
1013400
1013845
768
SPRITES\EXP4.RLE
1013846
1015194
1209
SPRITES\SAGAT.PAL
1015195
1015659
768
SPRITES\RYU.NIB
1015660
1277213
233842
SPRITES\VEGA.PAL
1277214
1277706
768
SPRITES\RYU.NIX
1277707
1278340
784
SPRITES\ZANGIEF.PAL
1278341
1278815
768
SPRITES\EXP4.IDX
1278816
1278841
28
SPRITES\EXP5.RLE
1278842
1280964
1898
SPRITES\BARRELS.PAL
1280965
1281193
768
SPRITES\GUILE.PAL
1281194
1281650
768
SPRITES\CRATES.IDX
1281651
1281664
12
SPRITES\EXP5.IDX
1281665
1281690
28
SPRITES\EXP3.IDX
1281691
1281730
48
SPRITES\DEEJAY.PAL
1281731
1282112
768
SPRITES\TEST.IDX
1282112
1282112
0
SPRITES\DHALSIM.PAL
1282113
1282626
768
SPRITES\TEST.PAL
1282627
1282703
768
MISC\VEGA.TBL
1282704
1283328
2124
MISC\AKUNAM.SPR
1283329
1283521
170
MISC\BALNAM.SPR
1283522
1283764
215
MISC\BATTLE.SPR
1283765
1284225
411
MISC\BISNAM.SPR
1284226
1284475
221
MISC\BLANAM.SPR
1284476
1284714
213
MISC\CAMNAM.SPR
1284715
1284967
226
MISC\CHUNAM.SPR
1284968
1285230
236
MISC\COMBO1.SPR
1285231
1287065
1642
MISC\DEENAM.SPR
1287066
1287325
229
MISC\DHANAM.SPR
1287326
1287618
261
MISC\ENDTEXT.SPR
1287619
1288242
556
MISC\EXPLODE.PAL
1288243
1288308
768
MISC\EXPLODE.PIC
1288309
1297889
8591
MISC\FEINAM.SPR
1297890
1298192
268
MISC\FIGHT.PIC
1298193
1298686
450
MISC\FINAL.PIC
1298687
1299343
593
MISC\GUINAM.SPR
1299344
1299572
207
MISC\HAWNAM.SPR
1299573
1299839
236
MISC\HONNAM.SPR
1299840
1300119
247
MISC\KENNAM.SPR
1300120
1300296
159
MISC\KOBAR.SPR
1300297
1300505
186
MISC\KOFLASH.SPR
1300506
1300647
125
MISC\LETTERS.PIC
1300648
1302068
1276
MISC\MEDNUMS.SPR
1302069
1302569
450
MISC\NEWCHAL.SPR
1302570
1304360
1605
MISC\NOBONUS.SPR
1304361
1304983
555
MISC\NUMS.SPR
1304984
1305763
703
MISC\ONE.PIC
1305764
1305882
110
MISC\ROUND1.PIC
1305883
1306547
599
MISC\ROUNDS.SPR
1306548
1308592
1829
MISC\RYUNAM.SPR
1308593
1308785
170
MISC\SAGNAM.SPR
1308786
1309038
226
MISC\SCORE.SPR
1309039
1309765
648
MISC\SHADOW.TBL
1309766
1312682
30553
MISC\SHADOWS.SPR
1312683
1313006
286
MISC\STAR.SPR
1313007
1313187
161
MISC\SUPER1.SPR
1313188
1313451
234
MISC\SUPER2.SPR
1313452
1313690
211
MISC\SUPER3.SPR
1313691
1313946
226
MISC\THREE.PIC
1313947
1314144
174
MISC\TITLE.PAL
1314145
1314473
768
MISC\TURBOBAR.SPR
1314474
1314566
81
MISC\TWO.PIC
1314567
1314739
151
MISC\VEGNAM.SPR
1314740
1315040
268
MISC\WIN.SPR
1315041
1318422
3031
MISC\ZANNAM.SPR
1318423
1318740
285
MISC\MUGS\AKUMUG.SPR
1318741
1318989
427
MISC\MUGS\AKUMUG.PIC
1318990
1319029
35
MISC\MUGS\AKUMUG.PAL
1319030
1319297
768
MISC\MUGS\BALMUG.PIC
1319298
1319810
466
MISC\MUGS\BALMUG.PAL
1319811
1319869
768
MISC\MUGS\BISMUG.PAL
1319870
1319929
768
MISC\MUGS\BISMUG.PIC
1319930
1320405
424
MISC\MUGS\BLAMUG.PAL
1320406
1320463
768
MISC\MUGS\BLAMUG.PIC
1320464
1320950
437
MISC\MUGS\CAMMUG.PIC
1320951
1321417
420
MISC\MUGS\CAMMUG.PAL
1321418
1321476
768
MISC\MUGS\CHUMUG.PIC
1321477
1321998
466
MISC\MUGS\CHUMUG.PAL
1321999
1322059
768
MISC\MUGS\DEEMUG.PIC
1322060
1322524
415
MISC\MUGS\DEEMUG.PAL
1322525
1322586
768
MISC\MUGS\DHAMUG.PAL
1322587
1322647
768
MISC\MUGS\DHAMUG.PIC
1322648
1323147
446
MISC\MUGS\FEIMUG.PAL
1323148
1323198
768
MISC\MUGS\FEIMUG.PIC
1323199
1323622
379
MISC\MUGS\GUIMUG.PIC
1323623
1324107
432
MISC\MUGS\GUIMUG.PAL
1324108
1324169
768
MISC\MUGS\HAWMUG.PIC
1324170
1324689
468
MISC\MUGS\HAWMUG.PAL
1324690
1324747
768
MISC\MUGS\HONMUG.PIC
1324748
1325281
478
MISC\MUGS\HONMUG.PAL
1325282
1325341
768
MISC\MUGS\KENMUG.PAL
1325342
1325397
768
MISC\MUGS\KENMUG.PIC
1325398
1325940
485
MISC\MUGS\RYUMUG.PAL
1325941
1325999
768
MISC\MUGS\RYUMUG.PIC
1326000
1326469
422
MISC\MUGS\SAGMUG.PIC
1326470
1326965
445
MISC\MUGS\SAGMUG.PAL
1326966
1327024
768
MISC\MUGS\VEGMUG.PAL
1327025
1327080
768
MISC\MUGS\VEGMUG.PIC
1327081
1327555
426
MISC\MUGS\ZANMUG.PAL
1327556
1327612
768
MISC\MUGS\ZANMUG.PIC
1327613
1328077
418
LEVELS\ZANGIEF\ANIMS.PIC
1328078
1341794
12516
LEVELS\ZANGIEF\ZANCHAIN.SPR
1341795
1345687
3488
LEVELS\ZANGIEF\ZANFENCE.SPR
1345688
1347850
1931
LEVELS\ZANGIEF\ZANLEVEL.PAL
1347851
1348167
768
LEVELS\ZANGIEF\ZANPARA.PIC
1348168
1352965
4327
LEVELS\ZANGIEF\ZANSCR1.PIC
1352966
1367461
13150
LEVELS\ZANGIEF\ZANSCR2.RLE
1367462
1369338
17500
LEVELS\ZANGIEF\ZANSCR2.PIC
1369339
1399802
27441
DRV\HMIMDRV.386
1399803
1441974
117776
DRV\HMIDRV.386
1441975
1509712
261425
DRV\HMIDET.386
1509713
1528682
81990
DRV\MELODIC.BNK
1528683
1531003
5404
DRV\DRUM.BNK
1531004
1532234
5404
VS\CONTBACK.PAL
1532235
1532371
768
VS\CONTBACK.PIC
1532372
1543503
10318
VS\HEADOVER.PAL
1543504
1543523
768
VS\HEADOVER.SPR
1543524
1543856
294
VS\VS1.PAL
1543857
1543914
768
VS\VS1.SPR
1543915
1544279
326
VS\VS2.SPR
1544280
1544777
443
VS\VS3.SPR
1544778
1545467
612
VS\VS4.SPR
1545468
1546305
746
VS\VS5.SPR
1546306
1547034
648
VS\LOADING.SPR
1547035
1548774
1558
VS\VS10.SPR
1548775
1549562
703
VS\VS11.SPR
1549563
1550350
703
VS\VS12.SPR
1550351
1551138
703
VS\VS13.SPR
1551139
1551929
702
VS\VS14.SPR
1551930
1552985
941
VS\VS6.SPR
1552986
1553637
579
VS\VS7.SPR
1553638
1554233
531
VS\VS8.SPR
1554234
1554782
487
VS\VS9.SPR
1554783
1555570
703
PLAYSELE\USSRBTIN.SPR
1555571
1556164
530
PLAYSELE\MUGS3.PAL
1556165
1556448
768
PLAYSELE\TORNBACK.PAL
1556449
1556585
768
PLAYSELE\BATTLEIN.SPR
1556586
1556972
346
PLAYSELE\CHINBTIN.SPR
1556973
1557516
488
PLAYSELE\CHINFLAG.SPR
1557517
1557628
99
PLAYSELE\CHINTEXT.SPR
1557629
1557756
115
PLAYSELE\CHUNLE1.SPR
1557757
1561957
3768
PLAYSELE\CHUNT.SPR
1561958
1562400
395
PLAYSELE\DOT1.SPR
1562401
1562469
59
PLAYSELE\DOT2.SPR
1562470
1562548
69
PLAYSELE\DOT3.SPR
1562549
1562624
67
PLAYSELE\DOT4.SPR
1562625
1562693
60
PLAYSELE\DUMM.SPR
1562694
1562703
6
PLAYSELE\DUMMFLAG.SPR
1562704
1562713
6
PLAYSELE\DUMMTEXT.SPR
1562714
1562723
6
PLAYSELE\FONT1.PIC
1562724
1565611
2595
PLAYSELE\JAPABTIN.SPR
1565612
1566147
480
PLAYSELE\JAPAFLAG.SPR
1566148
1566267
105
PLAYSELE\JAPATEXT.SPR
1566268
1566399
115
PLAYSELE\LRGMUGS1.PAL
1566400
1572031
5123
PLAYSELE\MARK1P.SPR
1572032
1572189
139
PLAYSELE\MARK2P.SPR
1572190
1572386
175
PLAYSELE\MUGS1.SPR
1572387
1577796
13927
PLAYSELE\MUGS3.PIC
1577797
1585734
7142
PLAYSELE\NEWCHAL2.SPR
1585735
1586523
705
PLAYSELE\NEWCHALL.SPR
1586524
1587316
708
PLAYSELE\PLANE1.SPR
1587317
1587498
161
PLAYSELE\PLANE2.SPR
1587499
1587645
129
PLAYSELE\PLAY1.SPR
1587646
1587813
149
PLAYSELE\PLAY2.SPR
1587814
1588014
177
PLAYSELE\PLAYBITS.PAL
1588015
1588298
768
PLAYSELE\PLAYSELE.SPR
1588299
1588833
479
PLAYSELE\RYU1.SPR
1588834
1592960
3708
PLAYSELE\RYUT.SPR
1592961
1593323
323
PLAYSELE\SMLFONT.PIC
1593324
1595144
1637
PLAYSELE\USSRFLAG.SPR
1595145
1595254
98
PLAYSELE\USSRTEXT.SPR
1595255
1595377
107
PLAYSELE\WORLD.PAL
1595378
1595491
768
PLAYSELE\WORLD.PIC
1595492
1606181
9603
PLAYSELE\ZANGT.SPR
1606182
1606750
514
PLAYSELE\TORNBACK.PIC
1606751
1620672
12752
PLAYSELE\MUGS2.SPR
1620673
1630088
8429
PLAYSELE\STAGE.DAT
1630089
1631128
937
JOYINIT\ARROW1D.SPR
1631129
1631275
131
JOYINIT\ARROW1DR.SPR
1631276
1631437
144
JOYINIT\ARROW1R.SPR
1631438
1631575
121
JOYINIT\ARROW1U.SPR
1631576
1631728
135
JOYINIT\ARROW1UR.SPR
1631729
1631881
135
JOYINIT\ARROW2D.SPR
1631882
1632033
133
JOYINIT\ARROW2DR.SPR
1632034
1632205
152
JOYINIT\ARROW2R.SPR
1632206
1632358
134
JOYINIT\ARROW2U.SPR
1632359
1632514
137
JOYINIT\ARROW2UR.SPR
1632515
1632681
147
JOYINIT\MIDDLE1.SPR
1632682
1632832
133
JOYINIT\MIDDLE2.SPR
1632833
1632998
145
INTRO\GAMETEK.FMV
1632999
1836394
181783
INTRO\EURO6.FMV
1836395
2019103
163143
INTRO\RYUDEMO\AKUMA.PIC
2019104
2024091
4510
INTRO\RYUDEMO\AKUMA.PAL
2024092
2024140
768
INTRO\RYUDEMO\AKUMA.SPR
2024141
2029760
5077
INTRO\RYUDEMO\BALLS.PAL
2029761
2029809
768
INTRO\RYUDEMO\CAMEAR1.SPR
2029810
2030169
324
INTRO\RYUDEMO\CAMEAR2.SPR
2030170
2030537
331
INTRO\RYUDEMO\CAMEAR3.SPR
2030538
2030921
344
INTRO\RYUDEMO\CAMEAR4.SPR
2030922
2031317
354
INTRO\RYUDEMO\CAMEYE1.SPR
2031318
2032178
774
INTRO\RYUDEMO\CAMEYE2.SPR
2032179
2033046
775
INTRO\RYUDEMO\CAMEYE3.SPR
2033047
2033843
717
INTRO\RYUDEMO\CAMHAIR1.SPR
2033844
2034938
980
INTRO\RYUDEMO\CAMHAIR2.SPR
2034939
2035974
925
INTRO\RYUDEMO\CAMHAIR3.SPR
2035975
2036847
781
INTRO\RYUDEMO\CAMHAIR4.SPR
2036848
2037924
961
INTRO\RYUDEMO\CAMHAIR5.SPR
2037925
2038533
543
INTRO\RYUDEMO\CAMHAIR6.SPR
2038534
2039004
420
INTRO\RYUDEMO\CAMHAIR7.SPR
2039005
2039435
389
INTRO\RYUDEMO\CAMHAIR8.SPR
2039436
2040465
917
INTRO\RYUDEMO\CAMHAIR9.SPR
2040466
2041689
1090
INTRO\RYUDEMO\CAMHAIRA.SPR
2041690
2042806
995
INTRO\RYUDEMO\CAMHAIRB.SPR
2042807
2043965
1033
INTRO\RYUDEMO\CAMMOU1.SPR
2043966
2044488
465
INTRO\RYUDEMO\CAMMOU2.SPR
2044489
2045013
469
INTRO\RYUDEMO\CAMMY.SPR
2045014
2053202
7335
INTRO\RYUDEMO\CHHAIR1.SPR
2053203
2054542
1196
INTRO\RYUDEMO\CHHAIR2.SPR
2054543
2055876
1187
INTRO\RYUDEMO\CHHAIR3.SPR
2055877
2057185
1168
INTRO\RYUDEMO\CHHAIR4.SPR
2057186
2058537
1209
INTRO\RYUDEMO\CHUNLI.SPR
2058538
2064158
5044
INTRO\RYUDEMO\ENGLAND.PIC
2064159
2086512
20120
INTRO\RYUDEMO\ENGLAND.PAL
2086513
2087061
768
INTRO\RYUDEMO\GAMETEK.PIC
2087062
2098523
10302
INTRO\RYUDEMO\GAMETEK.PAL
2098524
2098871
768
INTRO\RYUDEMO\LBALL1.SPR
2098872
2099151
249
INTRO\RYUDEMO\LBALL2.SPR
2099152
2099668
462
INTRO\RYUDEMO\LBALL3.SPR
2099669
2100347
604
INTRO\RYUDEMO\LBALL4.SPR
2100348
2101029
608
INTRO\RYUDEMO\RYUARM1.SPR
2101030
2103162
1908
INTRO\RYUDEMO\RYUARM2.SPR
2103163
2105258
1882
INTRO\RYUDEMO\RYUARM21.SPR
2105259
2106474
1091
INTRO\RYUDEMO\RYUARM22.SPR
2106475
2107703
1098
INTRO\RYUDEMO\RYUARM23.SPR
2107704
2108897
1072
INTRO\RYUDEMO\RYUARM3.SPR
2108898
2110950
1840
INTRO\RYUDEMO\RYUARM4.SPR
2110951
2115829
4379
INTRO\RYUDEMO\RYUARM5.SPR
2115830
2120586
4269
INTRO\RYUDEMO\RYUARM6.SPR
2120587
2125232
4177
INTRO\RYUDEMO\RYUBITS.PAL
2125233
2125440
768
INTRO\RYUDEMO\RYUBITS2.PAL
2125441
2125519
768
INTRO\RYUDEMO\RYUBLUEF.PAL
2125520
2125576
768
INTRO\RYUDEMO\RYUCHEST.SPR
2125577
2127326
1571
INTRO\RYUDEMO\RYUEYES.SPR
2127327
2127408
79
INTRO\RYUDEMO\RYUFIRE.PAL
2127409
2127633
768
INTRO\RYUDEMO\RYUFIRE1.SPR
2127634
2139810
10906
INTRO\RYUDEMO\RYUFIRE2.SPR
2139811
2153680
12439
INTRO\RYUDEMO\RYUFIRE3.SPR
2153681
2165757
10811
INTRO\RYUDEMO\RYUFIRE4.SPR
2165758
2179277
12097
INTRO\RYUDEMO\RYUFIRE5.SPR
2179278
2195149
14213
INTRO\RYUDEMO\RYUHEAD1.SPR
2195150
2197626
2233
INTRO\RYUDEMO\RYUHEAD2.SPR
2197627
2200077
2201
INTRO\RYUDEMO\RYUHEAD3.SPR
2200078
2202501
2174
INTRO\RYUDEMO\RYUJACK1.SPR
2202502
2209141
5954
INTRO\RYUDEMO\RYUJACK2.SPR
2209142
2215674
5863
INTRO\RYUDEMO\RYUUARM1.SPR
2215675
2216753
964
INTRO\RYUDEMO\RYUUPPER.SPR
2216754
2217153
358
INTRO\RYUDEMO\SBALL1.SPR
2217154
2217263
96
INTRO\RYUDEMO\SBALL2.SPR
2217264
2217357
82
INTRO\RYUDEMO\SBALL3.SPR
2217358
2217433
67
INTRO\RYUDEMO\SBALL4.SPR
2217434
2217456
46
INTRO\RYUDEMO\RYUEXTRA.SPR
2217457
2220987
3182
INTRO\RYUDEMO\CHEYE1.SPR
2220988
2221228
215
INTRO\RYUDEMO\CHEYE2.SPR
2221229
2221455
201
INTRO\RYUDEMO\ARMLIGHT.SPR
2221456
2222057
536
INTRO\SF2SCN\FIRE.PAL
2222058
2222120
768
INTRO\SF2SCN\LIGHT1.PAL
2222121
2222495
768
INTRO\SF2SCN\LIGHT1.SPR
2222496
2223078
519
INTRO\SF2SCN\LIGHT2.SPR
2223079
2223717
569
INTRO\SF2SCN\LIGHT3.SPR
2223718
2224739
912
INTRO\SF2SCN\LIGHT4.SPR
2224740
2225799
949
INTRO\SF2SCN\LIGHT5.SPR
2225800
2226758
858
INTRO\SF2SCN\LIGHT6.SPR
2226759
2227700
841
INTRO\SF2SCN\LIGHT7.SPR
2227701
2228390
616
INTRO\SF2SCN\LIGHTNI1.SPR
2228391
2228448
68
INTRO\SF2SCN\LIGHTNI2.SPR
2228449
2228516
90
INTRO\SF2SCN\LIGHTNI3.SPR
2228517
2228650
118
INTRO\SF2SCN\LIGHTNI4.SPR
2228651
2228846
172
INTRO\SF2SCN\LIGHTNI5.SPR
2228847
2229048
178
INTRO\SF2SCN\LIGHTNI6.SPR
2229049
2229272
197
INTRO\SF2SCN\LIGHTNI7.SPR
2229273
2229502
203
INTRO\SF2SCN\LIGHTNI8.SPR
2229503
2229725
198
INTRO\SF2SCN\LIGHTNI9.SPR
2229726
2229763
57
INTRO\SF2SCN\LIGHTNIA.SPR
2229764
2229812
69
INTRO\SF2SCN\LIGHTNIB.SPR
2229813
2229964
133
INTRO\SF2SCN\LIGHTNIC.SPR
2229965
2230135
152
INTRO\SF2SCN\LIGHTNID.SPR
2230136
2230340
180
INTRO\SF2SCN\LIGHTNIE.SPR
2230341
2230514
153
INTRO\SF2SCN\LIGHTNIF.SPR
2230515
2230555
35
INTRO\SF2SCN\SF2.PAL
2230556
2230613
768
INTRO\SF2SCN\SF2SCN.SPR
2230614
2236750
5491
INTRO\SF2SCN\SUPER.PAL
2236751
2236811
768
INTRO\SF2SCN\SUPER.SPR
2236812
2238332
1371
INTRO\SF2SCN\SUPFIRE.PIC
2238333
2243040
4269
INTRO\SF2SCN\TURBO.PAL
2243041
2243097
768
INTRO\SF2SCN\TURBO.SPR
2243098
2243659
503
INTRO\SF2SCN\CAPCOM.PAL
2243660
2243795
768
INTRO\SF2SCN\CAPCOM.SPR
2243796
2246109
2073
INTRO\SF2SCN\TM.SPR
2246110
2246207
86
INTRO\SF2SCN\LIGHTNIG.SPR
2246208
2246248
35
INTRO\SF2SCN\FIRE2.PIC
2246249
2246520
283
INTRO\SF2SCN\FIRE2.PAL
2246521
2246562
768
INTRO\SF2SCN\SF2SCN.PIC
2246563
2251918
4812
CONTINUE\BSNBACK.PAL
2251919
2251974
768
CONTINUE\CHUNLE1.SPR
2251975
2256407
3974
CONTINUE\CHUNLE2.SPR
2256408
2260825
3962
CONTINUE\CHUNLE3.SPR
2260826
2265338
4045
CONTINUE\CHUNLE4.SPR
2265339
2269796
3994
CONTINUE\CHUNLE5.SPR
2269797
2273539
3357
CONTINUE\CONTLIGT.PIC
2273540
2273657
103
CONTINUE\NUMBERS.PIC
2273658
2273785
112
CONTINUE\RYU1.SPR
2273786
2278433
4167
CONTINUE\RYU2.SPR
2278434
2283111
4193
CONTINUE\RYU3.SPR
2283112
2287808
4213
CONTINUE\RYU4.SPR
2287809
2292453
4163
CONTINUE\RYU5.SPR
2292454
2296555
3677
CONTINUE\SPANG.PAL
2296556
2296594
768
CONTINUE\SPANG1.SPR
2296595
2296665
61
CONTINUE\SPANG2.SPR
2296666
2296756
81
CONTINUE\CONTINUE.PAL
2296757
2297041
768
CONTINUE\CONTLIGT.SPR
2297042
2297171
114
SFX\194.RAW
2297172
2308455
14095
SFX\195.RAW
2308456
2315989
9628
SFX\196.RAW
2315990
2322543
8818
SFX\197.RAW
2322544
2330563
10450
SFX\198.RAW
2330564
2335411
4873
SFX\199.RAW
2335412
2345436
11055
SFX\200.RAW
2345437
2357216
12562
SFX\201.RAW
2357217
2368055
13607
SFX\167.RAW
2368056
2374390
6572
SFX\168.RAW
2374391
2381566
7816
SFX\169.RAW
2381567
2389083
7388
SFX\170.RAW
2389084
2398352
9702
SFX\171.RAW
2398353
2402335
6481
SFX\172.RAW
2402336
2409051
8903
SFX\173.RAW
2409052
2413668
6453
SFX\174.RAW
2413669
2421551
9840
SFX\175.RAW
2421552
2428145
7876
SFX\176.RAW
2428146
2433281
6170
SFX\177.RAW
2433282
2442210
9795
SFX\178.RAW
2442211
2449400
7536
SFX\179.RAW
2449401
2461420
12999
SFX\180.RAW
2461421
2468492
8027
SFX\181.RAW
2468493
2475224
7651
SFX\182.RAW
2475225
2482571
9266
SFX\183.RAW
2482572
2490370
9369
SFX\184.RAW
2490371
2496876
7922
SFX\185.RAW
2496877
2506712
10366
SFX\186.RAW
2506713
2513292
10186
SFX\187.RAW
2513293
2522337
10727
SFX\188.RAW
2522338
2531822
12620
SFX\189.RAW
2531823
2535390
5953
SFX\190.RAW
2535391
2545921
13256
SFX\191.RAW
2545922
2553904
8705
SFX\192.RAW
2553905
2563254
10047
SFX\193.RAW
2563255
2573001
11129
SFX\148.RAW
2573002
2576752
3897
SFX\149.RAW
2576753
2601267
26107
SFX\150.RAW
2601268
2604881
3975
SFX\151.RAW
2604882
2648519
48045
SFX\152.RAW
2648520
2668236
22290
SFX\153.RAW
2668237
2686827
30013
SFX\154.RAW
2686828
2688621
2583
SFX\155.RAW
2688622
2692166
3301
SFX\156.RAW
2692167
2696693
5610
SFX\157.RAW
2696694
2708623
11482
SFX\158.RAW
2708624
2711372
3233
SFX\159.RAW
2711373
2715249
3798
SFX\160.RAW
2715250
2726688
11556
SFX\161.RAW
2726689
2730573
3953
SFX\162.RAW
2730574
2736631
7730
SFX\163.RAW
2736632
2743630
9117
SFX\164.RAW
2743631
2758065
15984
SFX\165.RAW
2758066
2767730
10564
SFX\166.RAW
2767731
2773206
6554
SFX\139.RAW
2773207
2780810
10942
SFX\140.RAW
2780811
2796791
15935
SFX\141.RAW
2796792
2805490
10862
SFX\142.RAW
2805491
2816568
10721
SFX\143.RAW
2816569
2868072
58152
SFX\144.RAW
2868073
2898172
29644
SFX\145.RAW
2898173
2909593
11040
SFX\146.RAW
2909594
2928778
18935
SFX\147.RAW
2928779
2952228
23229
SFX\106.RAW
2952229
2959542
8361
SFX\107.RAW
2959543
2964549
6612
SFX\108.RAW
2964550
2971310
7476
SFX\109.RAW
2971311
2977358
6254
SFX\110.RAW
2977359
2982862
6492
SFX\111.RAW
2982863
2989661
9180
SFX\112.RAW
2989662
2995726
9534
SFX\113.RAW
2995727
3004461
12111
SFX\114.RAW
3004462
3014525
12728
SFX\115.RAW
3014526
3022189
9475
SFX\116.RAW
3022190
3031311
11080
SFX\117.RAW
3031312
3039439
9614
SFX\118.RAW
3039440
3052148
15621
SFX\119.RAW
3052149
3059706
10920
SFX\120.RAW
3059707
3069969
12905
SFX\121.RAW
3069970
3078630
13048
SFX\122.RAW
3078631
3088161
12736
SFX\123.RAW
3088162
3097008
12622
SFX\124.RAW
3097009
3108837
16113
SFX\125.RAW
3108838
3116520
7719
SFX\126.RAW
3116521
3122352
5871
SFX\127.RAW
3122353
3128166
6082
SFX\128.RAW
3128167
3134121
5654
SFX\129.RAW
3134122
3136378
2284
SFX\130.RAW
3136379
3145641
9527
SFX\131.RAW
3145642
3156163
10514
SFX\132.RAW
3156164
3161193
5653
SFX\133.RAW
3161194
3168032
8782
SFX\134.RAW
3168033
3173095
6463
SFX\135.RAW
3173096
3175854
2547
SFX\136.RAW
3175855
3185700
10017
SFX\137.RAW
3185701
3190905
6398
SFX\138.RAW
3190906
3201409
18959
SFX\096.RAW
3201410
3202786
1443
SFX\097.RAW
3202787
3212037
8786
SFX\098.RAW
3212038
3220829
12634
SFX\099.RAW
3220830
3227987
7370
SFX\100.RAW
3227988
3236159
8548
SFX\101.RAW
3236160
3241473
7833
SFX\102.RAW
3241474
3248190
8105
SFX\103.RAW
3248191
3249950
1663
SFX\104.RAW
3249951
3252022
2090
SFX\105.RAW
3252023
3266791
17425
SFX\060.RAW
3266792
3285569
19199
SFX\061.RAW
3285570
3291304
5364
SFX\062.RAW
3291305
3296422
5620
SFX\063.RAW
3296423
3299890
3380
SFX\064.RAW
3299891
3303189
3174
SFX\065.RAW
3303190
3306726
3322
SFX\066.RAW
3306727
3315627
10179
SFX\067.RAW
3315628
3317219
1565
SFX\068.RAW
3317220
3325760
10705
SFX\069.RAW
3325761
3335567
11783
SFX\070.RAW
3335568
3337681
2281
SFX\071.RAW
3337682
3353700
17315
SFX\072.RAW
3353701
3357532
3680
SFX\073.RAW
3357533
3373685
18005
SFX\074.RAW
3373686
3381757
8323
SFX\075.RAW
3381758
3387592
7233
SFX\076.RAW
3387593
3401837
13753
SFX\077.RAW
3401838
3410204
12867
SFX\078.RAW
3410205
3426187
16543
SFX\079.RAW
3426188
3431734
5656
SFX\080.RAW
3431735
3441152
10549
SFX\081.RAW
3441153
3448106
8711
SFX\082.RAW
3448107
3450318
2286
SFX\083.RAW
3450319
3454901
6889
SFX\084.RAW
3454902
3468088
15778
SFX\085.RAW
3468089
3484493
18227
SFX\086.RAW
3484494
3487809
3320
SFX\087.RAW
3487810
3492172
7978
SFX\088.RAW
3492173
3509158
18573
SFX\089.RAW
3509159
3512553
3230
SFX\090.RAW
3512554
3525439
12712
SFX\091.RAW
3525440
3527841
2402
SFX\092.RAW
3527842
3541975
16044
SFX\093.RAW
3541976
3543209
1142
SFX\094.RAW
3543210
3551215
9510
SFX\095.RAW
3551216
3559301
8775
SFX\059.RAW
3559302
3572333
12312
SFX\010.RAW
3572334
3576057
3438
SFX\011.RAW
3576058
3577939
1750
SFX\012.RAW
3577940
3580829
2811
SFX\013.RAW
3580830
3584515
3479
SFX\014.RAW
3584516
3588388
3796
SFX\015.RAW
3588389
3592323
3739
SFX\016.RAW
3592324
3594019
1797
SFX\017.RAW
3594020
3603629
9327
SFX\018.RAW
3603630
3612119
8249
SFX\019.RAW
3612120
3618937
6832
SFX\020.RAW
3618938
3623297
4151
SFX\021.RAW
3623298
3625814
2350
SFX\022.RAW
3625815
3628445
2474
SFX\023.RAW
3628446
3631265
3223
SFX\024.RAW
3631266
3638374
6829
SFX\025.RAW
3638375
3644554
7734
SFX\026.RAW
3644555
3651630
7144
SFX\027.RAW
3651631
3654072
2435
SFX\028.RAW
3654073
3677933
23998
SFX\029.RAW
3677934
3700055
21826
SFX\030.RAW
3700056
3712640
12241
SFX\031.RAW
3712641
3721459
8846
SFX\032.RAW
3721460
3732115
11958
SFX\033.RAW
3732116
3734070
1893
SFX\034.RAW
3734071
3760118
28367
SFX\035.RAW
3760119
3768961
8841
SFX\036.RAW
3768962
3774675
5947
SFX\037.RAW
3774676
3783460
10242
SFX\038.RAW
3783461
3786158
2490
SFX\039.RAW
3786159
3804793
20299
SFX\040.RAW
3804794
3816483
12683
SFX\041.RAW
3816484
3818977
2317
SFX\042.RAW
3818978
3821431
2266
SFX\043.RAW
3821432
3827335
6019
SFX\044.RAW
3827336
3837074
11123
SFX\045.RAW
3837075
3841393
4646
SFX\046.RAW
3841394
3861281
20729
SFX\047.RAW
3861282
3868564
8469
SFX\048.RAW
3868565
3870034
1483
SFX\049.RAW
3870035
3872145
2044
SFX\050.RAW
3872146
3888346
17470
SFX\051.RAW
3888347
3891536
2988
SFX\052.RAW
3891537
3894916
3150
SFX\053.RAW
3894917
3897035
2085
SFX\054.RAW
3897036
3901516
4653
SFX\055.RAW
3901517
3914067
12968
SFX\056.RAW
3914068
3929207
16748
SFX\057.RAW
3929208
3934482
4885
SFX\058.RAW
3934483
3943641
8957
SFX\000.RAW
3943642
3954081
12283
SFX\001.RAW
3954082
3959072
5475
SFX\002.RAW
3959073
3970459
15662
SFX\003.RAW
3970460
3975426
5298
SFX\004.RAW
3975427
3980287
4720
SFX\005.RAW
3980288
3982166
2270
SFX\006.RAW
3982167
3984467
2918
SFX\007.RAW
3984468
3987168
4009
SFX\008.RAW
3987169
3992243
5162
SFX\009.RAW
3992244
3996347
4284
SFX\J_NUCHAL.RAW
3996348
4051707
80262
ENDSEQ\ENDFONT.PIC
4051708
4054606
2618
