:Task
:User Task
:Side
1
:Task Type
4
:Drone
:Drone Type
103
:Drone Start Time
1000
:Waypoint
1,152142146,146432245,25600,0,0,0,0,0
4,149032212,144284910,25600,12400,60480,12400,3779337,0
2,138517672,135184272,25600,58200,60480,45800,13906011,0
4,131347134,135562818,25600,81800,60480,23600,7180523,0
2,132732202,150079592,25600,130000,60480,48200,14582700,0
2,149324932,145648711,25600,186600,60480,56600,17174149,0
4,155696357,150356686,25600,247600,25920,61000,7922126,0
2,160090742,144395536,25600,272000,60480,24400,7405803,0
2,158381646,142259284,25600,281000,60480,9000,2735796,0
2,162939630,136600522,0,305000,60480,24000,7266186,0
:Drone
:Drone Type
64
:Drone Start Time
800
:Waypoint
1,162935430,136617320,0,0,0,0,0,0
2,158200840,142131446,35840,24000,60480,24000,7267957,0
2,155541179,143796787,35840,34200,60480,10200,3138018,0
2,155046595,146418082,35840,43000,60480,8800,2667545,0
2,155465800,148627497,35840,50400,60480,7400,2248832,0
4,155830178,152120592,35840,77400,25920,27000,3512048,0
4,158972463,152273874,38400,101600,25920,24200,3146022,0
2,157994977,147726217,33280,116800,60480,15200,4651525,0
2,160096978,144245872,35840,130200,60480,13400,4065859,0
2,158260044,142190688,35840,139200,60480,9000,2756466,0
2,162697585,136878160,33280,162000,60480,22800,6922046,0
2,162935375,136617649,0,170200,8640,8200,354284,0
:Task
:Side
2
:Task Type
8
:Drone
:Formation Type
16
:Drone Start Time
38000
:Kill Outstanding
:Waypoint
1,162479413,152860499,0,0,12960,0,0,0
4,161960846,152471573,0,10000,12960,10000,648209,0
2,160696839,151304797,0,36400,12960,26400,1720197,0
:Drone
:Formation Type
16
:Drone Start Time
36000
:Kill Outstanding
:Waypoint
1,154733317,152568805,0,0,12960,0,0,0
4,154700907,151855775,0,11000,12960,11000,713766,0
2,154895369,150559357,0,31200,12960,20200,1310921,0
:Drone
:Formation Type
16
:Drone Start Time
36400
:Kill Outstanding
:Waypoint
1,153469310,156036722,0,0,12960,0,0,0
4,153728593,155388513,0,10600,12960,10600,698142,0
2,154765728,154124506,0,35800,12960,25200,1635042,0
:Drone
:Formation Type
16
:Waypoint
1,132939755,150273734,0,0,0,0,0,0
2,132895657,149854799,0,-1,0,-1,421249,0
:Drone
:Formation Type
16
:Waypoint
1,128992945,149854799,0,0,0,0,0,0
2,129544176,149722503,0,-1,0,-1,566884,0
:Drone
:Formation Type
16
:Waypoint
1,128992945,151221850,0,0,0,0,0,0
2,129389831,150847013,0,-1,0,-1,545913,0
:Drone
:Formation Type
16
:Waypoint
1,133490986,152368409,0,0,0,0,0,0
2,133424838,151795130,0,-1,0,-1,577082,0
:Drone
:Formation Type
16
:Waypoint
1,132024783,146139557,0,0,0,0,0,0
2,132068881,146448246,0,-1,0,-1,311822,0
:Drone
:Formation Type
16
:Waypoint
1,134626591,150373007,0,0,0,0,0,0
2,135023477,150196613,0,-1,0,-1,434319,0
:Task
:Side
2
:Task Type
6
:Drone
:Drone Type
222
:Kill Success
:Waypoint
1,149796170,144618882,25600,0,56160,0,0,0
3,151809837,146100826,25600,8800,56160,8800,2500202,0
:Drone
:Drone Type
222
:Kill Success
:Waypoint
1,156510863,151030127,51200,0,43200,0,0,0
3,147847475,143847660,51200,52000,43200,52000,11253538,0
:Drone
:Drone Type
222
:Kill Success
:Waypoint
1,141214718,162493389,30720,0,56160,0,0,0
2,148365798,142959108,30720,74000,56160,74000,20802069,0
:Drone
:Drone Type
222
:Kill Success
:Waypoint
1,139978511,161603327,51200,0,43200,0,0,0
2,133524064,152725450,51200,50800,43200,50800,10976182,0
:Drone
:Drone Type
222
:Kill Success
:Waypoint
1,132075666,149771345,0,0,0,0,0,0
3,142294021,137998022,64000,51400,60480,51400,15589419,0
2,156510863,150733943,64000,114400,60480,63000,19087228,0
:Drone
:Drone Type
222
:Kill Success
:Waypoint
1,153546781,156246121,0,0,0,0,0,0
3,157235196,150025360,76800,33400,43200,33400,7232438,0
2,165052435,154704694,76800,75400,43200,42000,9110729,0
:Drone
:Drone Type
222
:Kill Success
:Waypoint
1,151289690,155585509,0,0,0,0,0,0
3,157895220,151842097,38400,29200,51840,29200,7592603,0
2,163896270,154318947,38400,54200,51840,25000,6492101,0
:Drone
:Drone Type
222
:Kill Success
:Waypoint
1,151264462,156920267,0,0,43200,0,0,0
3,155693769,152337501,51200,29400,43200,29400,6373627,0
2,160139120,143699568,51200,74200,43200,44800,9714681,0
:Drone
:Drone Type
222
:Kill Success
:Waypoint
1,132310278,168519609,25600,0,56160,0,0,0
3,152216192,151030127,25600,94200,56160,94200,26497686,0
:Drone
:Drone Type
222
:Kill Success
:Waypoint
1,123629937,167209368,51200,0,43200,0,0,0
2,122237807,147965216,0,89200,43200,89200,19294507,0
3,143836013,153442502,51200,192200,43200,103000,22281960,0
:Drone
:Drone Type
222
:Kill Success
:Waypoint
1,156140633,143181246,30720,0,56160,0,0,0
2,149550534,140737726,30720,25000,56160,25000,7028527,0
:Drone
:Drone Type
222
:Kill Success
:Waypoint
1,163388506,165940800,51200,0,43200,0,0,0
2,168957027,155704548,51200,53800,43200,53800,11652865,0
:Drone
:Drone Type
222
:Kill Success
:Waypoint
1,128790299,133553542,0,0,0,0,0,0
3,114787108,137074813,64000,47600,60480,47600,14439279,0
2,130112449,149066287,64000,111800,60480,64200,19459227,0
:Drone
:Drone Type
222
:Kill Success
:Waypoint
1,160139120,143699568,0,0,0,0,0,0
3,157235196,150025360,76800,32200,43200,32200,6960913,0
2,165052435,154704694,76800,74200,43200,42000,9110729,0
:Drone
:Drone Type
222
:Kill Success
:Waypoint
1,143940597,167210821,0,0,0,0,0,0
3,154586299,174089582,38400,48800,51840,48800,12674770,0
2,161465060,166801371,38400,87400,51840,38600,10021744,0
:Drone
:Drone Type
222
:Kill Success
:Waypoint
1,145087704,125856849,0,0,43200,0,0,0
3,137635713,133800180,51200,50400,43200,50400,10891799,0
2,149755434,144937222,51200,126600,43200,76200,16459688,0
:Drone
:Drone Type
234
:Waypoint
1,80478131,173362659,1280000,0,220320,0,0,0
2,162476775,192237027,1280000,76200,220320,76200,84142851,0
:Drone
:Drone Type
234
:Waypoint
1,174588133,188009655,1536000,0,224640,0,0,0
2,87453347,194482016,1612800,77600,224640,77600,87374872,0
:Drone
:Drone Type
228
:Waypoint
1,96206771,168958640,2560000,0,216000,0,0,0
2,214643566,200382988,2560000,113400,216000,113400,122534746,0
:Drone
:Drone Type
228
:Waypoint
1,177523566,195139524,2048000,0,233280,0,0,0
2,49912440,183291125,3584000,109800,233280,109800,128169198,0
:Task
:Side
2
:Task Type
17
:Drone
:Drone Type
416
:Kill Success
:Waypoint
1,138887903,132740752,0,0,6480,0,0,0
2,139184087,136591147,0,119000,6480,119000,3861769,0
2,143404712,138442298,0,261200,6480,142200,4608734,0
2,145141785,138407923,0,314800,6480,53600,1737413,0
2,146144416,139108713,0,352400,6480,37600,1223264,0
2,145059413,140137738,0,398400,6480,46000,1495367,0
2,144091540,142135263,0,466800,6480,68400,2219658,0
2,145181817,143625522,0,523600,6480,56800,1846503,0
2,147149620,144493177,0,589800,6480,66200,2150598,0
:Drone
:Drone Type
416
:Kill Success
:Waypoint
1,156950736,151853966,0,0,6480,0,0,0
2,158512790,150984649,0,55000,6480,55000,1787659,0
2,159626602,151324226,0,90800,6480,35800,1164426,0
2,160414420,152207126,0,127200,6480,36400,1183287,0
2,160740413,152709700,0,145600,6480,18400,599042,0
:Drone
:Drone Type
416
:Kill Success
:Waypoint
1,160366937,151954422,0,0,6480,0,0,0
2,159361902,151245917,0,37800,6480,37800,1229664,0
2,158459545,151083492,0,66000,6480,28200,916858,0
2,157214292,151733190,0,109200,6480,43200,1404550,0
2,156348029,152130227,0,138600,6480,29400,952916,0
2,155878803,152021944,0,153400,6480,14800,481558,0
2,155517860,151408341,0,175200,6480,21800,711890,0
2,155698332,150054805,0,217200,6480,42000,1365514,0
2,155337389,149621674,0,234600,6480,17400,563810,0
2,154380890,149729957,0,264200,6480,29600,962608,0
2,153198848,150894032,0,315400,6480,51200,1659003,0
:Drone
:Drone Type
416
:Kill Success
:Waypoint
1,156257702,152094064,0,0,6480,0,0,0
2,156799116,151949687,0,17200,6480,17200,560333,0
2,157863898,151336084,0,55000,6480,37800,1228930,0
2,158856490,150957094,0,87600,6480,32600,1062484,0
2,159934076,151455070,0,124200,6480,36600,1187085,0
2,160552922,152491101,0,161400,6480,37200,1206785,0
:Drone
:Drone Type
416
:Kill Failure
:Waypoint
1,159903176,151717009,0,0,6480,0,0,0
2,158955916,151132000,0,34200,6480,34200,1113344,0
2,158219748,151188174,0,56800,6480,22600,738308,0
2,156936627,151903647,0,102000,6480,45200,1469115,0
2,156170279,152110399,0,126400,6480,24400,793747,0
2,155748033,151911694,0,140800,6480,14400,466664,0
2,155586586,151414934,0,156800,6480,16000,522336,0
2,155603247,149902098,0,203400,6480,46600,1512927,0
2,155130207,149701056,0,219200,6480,15800,513989,0
:Drone
:Drone Type
416
:Kill Failure
:Waypoint
1,161144080,153308822,0,0,6480,0,0,0
2,159876881,151744455,0,62000,6480,62000,2013215,0
2,158952129,151141708,0,96000,6480,34000,1103843,0
2,158138689,151172759,0,121000,6480,25000,814032,0
2,156977506,151899268,0,163200,6480,42200,1369730,0
2,156114389,152153861,0,190800,6480,27600,899882,0
2,155741819,151905481,0,204600,6480,13800,447773,0
2,155567953,150800189,0,239000,6480,34400,1118883,0
2,155679724,149930858,0,266000,6480,27000,876486,0
2,155443762,149595544,0,278600,6480,12600,410016,0
2,154301213,149694896,0,313800,6480,35200,1146860,0
:Drone
:Drone Type
416
:Kill Failure
:Waypoint
1,156981868,151782558,0,0,6480,0,0,0
2,158173828,151125174,0,42000,6480,42000,1361220,0
2,158982916,150946982,0,67400,6480,25400,828477,0
2,159934076,151455070,0,100600,6480,33200,1078359,0
2,160772060,152572382,0,143600,6480,43000,1396640,0
:Drone
:Drone Type
516
:Waypoint
1,151797509,150976867,0,0,6480,0,0,0
2,151023577,147452437,0,111200,6480,111200,3608403,0
2,150907132,145078440,0,184400,6480,73200,2376851,0
2,150477122,143967583,0,221000,6480,36600,1191180,0
2,149814192,142838809,0,261400,6480,40400,1309048,0
2,148712309,142453604,0,297400,6480,36000,1167274,0
2,148210632,143367373,0,329400,6480,32000,1042426,0
2,148013544,144639484,0,369000,6480,39600,1287287,0
2,147529784,144711152,0,384000,6480,15000,489039,0
2,145827664,144030304,0,440400,6480,56400,1833239,0
:Drone
:Drone Type
416
:Waypoint
1,151184862,146287852,0,0,6480,0,0,0
2,150916106,145015742,0,40000,6480,40000,1300189,0
2,150468180,143904885,0,76800,6480,36800,1197764,0
2,149859000,142722360,0,117800,6480,41000,1330212,0
2,148676475,142381936,0,155600,6480,37800,1230550,0
2,148138963,143349456,0,189600,6480,34000,1106803,0
2,148103129,144675318,0,230400,6480,40800,1326346,0
2,147511867,144711152,0,248600,6480,18200,592346,0
2,145863498,143994470,0,304000,6480,55400,1797429,0
2,144555554,143259871,0,350200,6480,46200,1500117,0
2,144179296,142238599,0,383600,6480,33400,1088377,0
2,144752641,140679816,0,434800,6480,51200,1660881,0
:Drone
:Drone Type
416
:Waypoint
1,141034869,137750390,0,0,6480,0,0,0
2,142880325,138484989,0,61200,6480,61200,1986288,0
2,144600361,138323736,0,114400,6480,53200,1727578,0
2,145782886,138556657,0,151400,6480,37000,1205245,0
2,146033725,139452510,0,180000,6480,28600,930307,0
:Drone
:Drone Type
253
:Waypoint
1,117669828,138635139,0,0,0,0,0,0
2,117407687,138438533,0,-1,0,-1,327676,0
:Task
:Side
1
:Task Type
20
:Drone
:Drone Type
64
:Waypoint
1,162939630,136558528,0,0,0,0,0,0
2,162948028,136558528,0,-1,0,-1,8398,0
:Drone
:Drone Type
64
:Waypoint
1,162939630,136541730,0,0,0,0,0,0
2,162947189,136541730,0,-1,0,-1,7559,0
:Drone
:Drone Type
34
:Waypoint
1,162914433,136449341,0,0,0,0,0,0
2,162938790,136449341,0,-1,0,-1,24357,0
:Drone
:Drone Type
34
:Waypoint
1,162914433,136398948,0,0,0,0,0,0
2,162937950,136398948,0,-1,0,-1,23517,0
:Drone
:Drone Type
307
:Waypoint
1,162931231,136642517,0,0,0,0,0,0
2,162931231,136623199,0,-1,0,-1,19318,0
:Drone
:Drone Type
307
:Waypoint
1,162906034,136642517,0,0,0,0,0,0
2,162906034,136627399,0,-1,0,-1,15118,0
:Drone
:Drone Type
307
:Waypoint
1,162880837,136642517,0,0,0,0,0,0
2,162880837,136622360,0,-1,0,-1,20157,0
:Drone
:Drone Type
398
:Waypoint
1,162848352,136619009,0,0,0,0,0,0
2,162867712,136608119,0,-1,0,-1,22212,0
:Drone
:Drone Type
398
:Waypoint
1,162896752,136493169,0,0,0,0,0,0
2,162914902,136476229,0,-1,0,-1,24827,0
:Drone
:Drone Type
219
:Waypoint
1,162764692,136667368,0,0,0,0,0,0
2,162764319,136677066,0,-1,0,-1,9705,0
:Drone
:Drone Type
219
:Waypoint
1,162763946,136684899,0,0,0,0,0,0
2,162763252,136698790,0,-1,0,-1,13908,0
:Drone
:Drone Type
3
:Waypoint
1,162745910,136759282,0,0,0,0,0,0
2,162736418,136759772,0,-1,0,-1,9504,0
:Drone
:Drone Type
3
:Waypoint
1,162817206,136784754,0,0,0,0,0,0
2,162811574,136784754,0,-1,0,-1,5632,0
:Drone
:Drone Type
3
:Waypoint
1,162855640,136562727,0,0,0,0,0,0
2,162864039,136571126,0,-1,0,-1,11877,0
:Drone
:Drone Type
3
:Waypoint
1,162855640,136541730,0,0,0,0,0,0
2,162864039,136545929,0,-1,0,-1,9390,0
:Drone
:Drone Type
398
:Waypoint
1,162685146,137247619,0,0,0,0,0,0
2,162694618,137246851,0,-1,0,-1,9503,0
:Drone
:Drone Type
34
:Waypoint
1,148431231,129765683,0,0,0,0,0,0
2,148421771,129765683,0,-1,0,-1,9460,0
:Drone
:Drone Type
34
:Waypoint
1,148432951,129689143,0,0,0,0,0,0
2,148421205,129689026,0,-1,0,-1,11746,0
:Drone
:Drone Type
398
:Waypoint
1,148499565,129800331,0,0,0,0,0,0
2,148499565,129812281,0,-1,0,-1,11950,0
:Drone
:Drone Type
398
:Waypoint
1,148483791,129800331,0,0,0,0,0,0
2,148483791,129812281,0,-1,0,-1,11950,0
:Drone
:Drone Type
307
:Waypoint
1,148493436,129906559,0,0,0,0,0,0
2,148493436,129893121,0,-1,0,-1,13438,0
:Drone
:Drone Type
307
:Waypoint
1,148472438,129906559,0,0,0,0,0,0
2,148472438,129893961,0,-1,0,-1,12598,0
:Drone
:Drone Type
307
:Waypoint
1,148451441,129906559,0,0,0,0,0,0
2,148451441,129894801,0,-1,0,-1,11758,0
:Task
:Side
2
:Task Type
15
:Drone
:Drone Type
222
:Kill Outstanding
:Waypoint
1,147172808,146838573,51200,0,43200,0,0,0
3,161293054,154034676,51200,73200,43200,73200,15848193,0
:Drone
:Drone Type
222
:Kill Outstanding
:Waypoint
1,147519017,146492364,76800,0,43200,0,0,0
3,161886809,153886490,76800,74800,43200,74800,16158791,0
:Drone
:Drone Type
234
:Kill Outstanding
:Waypoint
1,173329131,179201676,512000,0,172800,0,0,0
3,151398359,141391763,512000,50400,172800,50400,43709819,0
:Drone
:Drone Type
234
:Kill Outstanding
:Waypoint
1,176055430,177733540,768000,0,172800,0,0,0
3,152172995,142941034,768000,48800,172800,48800,42200582,0
:Drone
:Drone Type
228
:Kill Outstanding
:Waypoint
1,125545824,141101971,1024000,0,216000,0,0,0
3,159537662,153565105,1024000,33400,216000,33400,36204623,0
:Drone
:Drone Type
228
:Kill Outstanding
:Waypoint
1,124383870,141295630,1280000,0,216000,0,0,0
3,159982787,153268355,1280000,34600,216000,34600,37558341,0
:Task
:Side
2
:Task Type
19
:Drone
:Formation Type
4
:Waypoint
1,153718038,151672214,0,0,0,0,0,0
2,154211358,151528329,0,-1,0,-1,513875,0
:Drone
:Formation Type
4
:Waypoint
1,162128587,152452491,0,0,0,0,0,0
2,162062243,152385292,0,-1,0,-1,94431,0
:Drone
:Formation Type
4
:Waypoint
1,154365522,156410143,0,0,0,0,0,0
2,154098307,155957933,0,-1,0,-1,525259,0
:Drone
:Formation Type
4
:Waypoint
1,128591514,139640771,0,0,0,0,0,0
2,129582778,139505599,0,-1,0,-1,1000437,0
:Drone
:Formation Type
4
:Waypoint
1,135079788,133963531,0,0,0,0,0,0
2,135845765,134639393,0,-1,0,-1,1021523,0
:Drone
:Formation Type
4
:Waypoint
1,133387747,150514010,0,0,0,0,0,0
2,133348323,150463322,0,-1,0,-1,64214,0
:Drone
:Formation Type
4
:Waypoint
1,145623824,145453626,0,0,0,0,0,0
2,144722675,145543741,0,-1,0,-1,905643,0
:Drone
:Formation Type
4
:Waypoint
1,117801902,144189843,0,0,0,0,0,0
2,118135407,143641723,0,-1,0,-1,641608,0
:Drone
:Formation Type
4
:Waypoint
1,150028605,145462073,0,0,0,0,0,0
2,150199402,144996261,0,-1,0,-1,496137,0
:Drone
:Formation Type
4
:Waypoint
1,132452667,145742275,0,0,0,0,0,0
2,132121418,145493839,0,-1,0,-1,414060,0
:Drone
:Formation Type
4
:Waypoint
1,129771633,142026089,0,0,0,0,0,0
2,129295464,141798355,0,-1,0,-1,527825,0
:Drone
:Formation Type
4
:Waypoint
1,129212669,150866295,0,0,0,0,0,0
2,129606027,150535046,0,-1,0,-1,514253,0
:Drone
:Formation Type
4
:Waypoint
1,138611862,148402647,0,0,0,0,0,0
2,138135692,148713192,0,-1,0,-1,568485,0
:Drone
:Formation Type
4
:Waypoint
1,140568307,147232932,0,0,0,0,0,0
2,139926513,147522774,0,-1,0,-1,704207,0
:Drone
:Formation Type
4
:Waypoint
1,155464162,148485485,0,0,0,0,0,0
2,155008696,148609703,0,-1,0,-1,472101,0
:Task
:Side
2
:Task Type
10
:Drone
:Drone Type
204
:Drone Start Time
42000
:Waypoint
1,162000366,154763572,0,0,0,0,0,0
2,155614989,148877463,0,-1,0,-1,8684429,0
:Drone
:Drone Type
204
:Drone Start Time
52000
:Waypoint
1,152120112,156287653,0,0,0,0,0,0
2,158768262,152240954,0,-1,0,-1,7782908,0
:Drone
:Drone Type
204
:Drone Start Time
50000
:Waypoint
1,152277776,155840940,0,0,0,0,0,0
2,156744912,152556281,0,-1,0,-1,5544753,0
:Drone
:Drone Type
204
:Drone Start Time
60000
:Waypoint
1,162052921,155446781,0,0,0,0,0,0
2,159136144,150191327,0,-1,0,-1,6010606,0
:Task
:Side
2
:Task Type
3
:Drone
:Drone Type
237
:Waypoint
1,134336860,136125784,128000,0,129600,0,0,0
2,146403672,141443362,128000,20200,129600,20200,13186530,0
2,138018265,152998632,153600,42200,129600,22000,14277253,0
2,131984459,147067294,179200,55200,129600,13000,8460983,0
:Drone
:Drone Type
237
:Waypoint
1,137813738,133160211,153600,0,129600,0,0,0
2,145074278,143897629,153600,20000,129600,20000,12961774,0
2,150187334,144102151,153600,27800,129600,7800,5117144,0
2,155095868,150237819,153600,39800,129600,12000,7857488,0
2,153255168,156987053,153600,50400,129600,10600,6995736,0
2,145381061,154839570,153600,62800,129600,12400,8161693,0
2,138018260,152487564,153600,74600,129600,11800,7729344,0
2,133211987,149419730,153600,83200,129600,8600,5701917,0
2,131984854,140727534,409600,96600,129600,13400,8782121,0
:Task
:Side
2
:Task Type
9
:Drone
:Formation Type
58
:Drone Start Time
20000
:Waypoint
1,168771071,157909827,0,0,12960,0,0,0
2,168763669,157145084,0,11800,12960,11800,764778,0
2,169176466,155587204,0,36600,12960,24800,1611642,0
2,168939763,154868497,0,48200,12960,11600,756682,0
2,169023897,154200716,0,58400,12960,10200,673060,0
2,168853345,153564753,0,68400,12960,10000,658435,0
2,168854881,153562449,0,68400,12960,0,2769,0
2,168892001,153495889,3840,69400,12960,1000,76307,0
2,168905313,153470545,3840,69800,12960,400,28627,0
2,168941921,153403473,0,70800,12960,1000,76508,0
2,169296020,152754979,0,82200,12960,11400,738871,0
2,169306267,151792610,0,97000,12960,14800,962423,0
2,169164588,151370429,0,103800,12960,6800,445319,0
2,168723992,150938104,0,113200,12960,9400,617276,0
2,168602739,150513024,0,120000,12960,6800,442035,0
2,168679142,150005160,0,127800,12960,7800,513578,0
2,168353345,148294200,0,154600,12960,26800,1741702,0
:Drone
:Formation Type
59
:Drone Start Time
6000
:Waypoint
1,168840761,156858792,0,0,12960,0,0,0
2,169176176,155586780,0,20200,12960,20200,1315491,0
2,168939759,154868735,0,31800,12960,11600,755964,0
2,169023897,154200716,0,42000,12960,10200,673296,0
2,168853345,153564753,0,52000,12960,10000,658435,0
2,168854881,153562449,0,52000,12960,0,2769,0
2,168891965,153495850,3840,53000,12960,1000,76324,0
2,168905404,153470653,3840,53400,12960,400,28556,0
2,168941921,153403473,0,54400,12960,1000,76559,0
2,169296020,152754979,0,65800,12960,11400,738871,0
2,169306267,151792610,0,80600,12960,14800,962423,0
2,169164588,151370429,0,87400,12960,6800,445319,0
2,168723992,150938104,0,96800,12960,9400,617276,0
2,168602739,150513024,0,103600,12960,6800,442035,0
2,168679142,150005160,0,111400,12960,7800,513578,0
2,167896746,145891622,0,176000,12960,64600,4187282,0
:Drone
:Formation Type
60
:Drone Start Time
6000
:Waypoint
1,167863819,143889448,0,0,12960,0,0,0
2,167884016,145803426,0,29400,12960,29400,1914084,0
2,168684007,150005149,0,95400,12960,66000,4277202,0
2,168607481,150512882,0,103200,12960,7800,513467,0
2,168727490,150935745,0,109800,12960,6600,439562,0
2,169168735,151368236,0,119200,12960,9400,617855,0
2,169310868,151791757,0,126000,12960,6800,446734,0
2,169300572,152755825,0,140800,12960,14800,964122,0
2,168946017,153405521,0,152200,12960,11400,740144,0
2,168909155,153472985,3840,153200,12960,1000,76973,0
2,168895843,153497561,3840,153600,12960,400,27949,0
2,168858467,153564633,0,154600,12960,1000,76878,0
2,169028906,154201261,0,164600,12960,10000,659048,0
2,168944439,154867980,0,174800,12960,10200,672048,0
2,169167656,155547410,0,185800,12960,11000,715157,0
:Drone
:Formation Type
60
:Waypoint
1,168358082,148293781,0,0,12960,0,0,0
2,168684007,150005149,0,26800,12960,26800,1742127,0
2,168607481,150512882,0,34600,12960,7800,513467,0
2,168727490,150935745,0,41200,12960,6600,439562,0
2,169168735,151368236,0,50600,12960,9400,617855,0
2,169310868,151791757,0,57400,12960,6800,446734,0
2,169300572,152755825,0,72200,12960,14800,964122,0
2,168946019,153405401,0,83600,12960,11400,740038,0
2,168909155,153472985,3840,84600,12960,1000,77079,0
2,168895843,153497561,3840,85000,12960,400,27949,0
2,168858467,153564633,0,86000,12960,1000,76878,0
2,169028906,154201261,0,96000,12960,10000,659048,0
2,168944439,154867980,0,106200,12960,10200,672048,0
2,169180948,155586573,0,117800,12960,11600,756513,0
2,168764027,157144692,0,142600,12960,24800,1612934,0
2,168773922,158086420,0,157000,12960,14400,941779,0
2,169152118,159869886,0,185000,12960,28000,1823124,0
2,168904460,161206278,0,205800,12960,20800,1359146,0
2,169043363,161899601,0,216600,12960,10800,707100,0
:Task
:Side
2
:Task Type
9
:Drone
:Formation Type
58
:Waypoint
1,147874748,130683090,0,0,12960,0,0,0
2,148091374,130896581,0,4600,12960,4600,304146,0
2,148432092,132789990,0,34200,12960,29600,1923820,0
2,149128354,133878960,0,54000,12960,19800,1292531,0
2,148451673,135318067,0,78400,12960,24400,1590259,0
2,148210165,136995754,0,104400,12960,26000,1694980,0
2,148180555,138608414,0,129200,12960,24800,1612931,0
:Drone
:Formation Type
60
:Drone Start Time
20000
:Waypoint
1,146979246,129084726,0,0,12960,0,0,0
2,146873728,129526893,0,7000,12960,7000,454583,0
2,147080643,129989868,0,14800,12960,7800,507109,0
2,147622795,130270385,0,24200,12960,9400,610424,0
2,147673015,130483292,0,27400,12960,3200,218749,0
2,147972503,130779620,0,33800,12960,6400,421311,0
2,148091374,130896581,0,36200,12960,2400,166763,0
2,148432092,132789990,0,65800,12960,29600,1923820,0
2,149128354,133878960,0,85600,12960,19800,1292531,0
2,148451673,135318067,0,110000,12960,24400,1590259,0
2,148210165,136995754,0,136000,12960,26000,1694980,0
2,148193625,137906564,0,150000,12960,14000,910960,0
:Drone
:Formation Type
59
:Waypoint
1,148189262,137911856,0,0,12960,0,0,0
2,148205562,136994992,0,14000,12960,14000,917008,0
2,148448327,135316570,0,40000,12960,26000,1695887,0
2,149124330,133879487,0,64400,12960,24400,1588139,0
2,148428219,132790702,0,84200,12960,19800,1292293,0
2,148087690,130898449,0,113800,12960,29600,1922649,0
2,147669841,130484724,0,122800,12960,9000,588018,0
2,147619776,130272884,0,126000,12960,3200,217675,0
2,147077929,129993085,0,135400,12960,9400,609824,0
2,146869673,129527361,0,143200,12960,7800,510166,0
2,146965142,129128087,0,149400,12960,6200,410528,0
:Drone
:Formation Type
59
:Drone Start Time
40000
:Waypoint
1,148178785,138515801,0,0,12960,0,0,0
2,148205562,136994992,0,23400,12960,23400,1521044,0
2,148448327,135316570,0,49400,12960,26000,1695887,0
2,149124330,133879487,0,73800,12960,24400,1588139,0
2,148428219,132790702,0,93600,12960,19800,1292293,0
2,148087690,130898449,0,123200,12960,29600,1922649,0
2,147748576,130563547,0,130400,12960,7200,476610,0
:Task
:Side
2
:Task Type
20
:Drone
:Formation Type
29
:Waypoint
1,148003296,137886509,0,0,0,0,0,0
2,148089516,137886509,0,-1,0,-1,86220,0
:Drone
:Formation Type
29
:Waypoint
1,147923401,130572039,0,0,0,0,0,0
2,147973017,130624756,0,-1,0,-1,72393,0
:Task
:Side
2
:Task Type
19
:Drone
:Formation Type
4
:Waypoint
1,154097784,151548741,0,0,0,0,0,0
2,154288185,151310740,0,-1,0,-1,304790,0
:Task
:Side
2
:Task Type
8
:Battle Cell
1
:Drone
:Formation Type
16
:Waypoint
1,132149712,134807015,0,0,12960,0,0,0
4,132890172,134288693,0,13800,12960,13800,903846,0
2,134517660,133385828,0,42400,12960,28600,1861150,0
:Drone
:Formation Type
16
:Waypoint
1,149123657,144763869,0,0,12960,0,0,0
4,149139053,144667612,0,1400,12960,1400,97480,0
2,149356097,143895899,0,13600,12960,12200,801653,0
:Drone
:Formation Type
16
:Waypoint
1,154618600,152737685,0,0,12960,0,0,0
4,154444592,151420109,0,30600,8640,30600,1329016,0
2,154782216,150889556,0,40200,12960,9600,628869,0
:Task
:Side
1
:Task Type
8
:Battle Cell
1
:Drone
:Formation Type
19
:Waypoint
1,145245125,124614017,0,0,12960,0,0,0
4,144524838,125179956,0,14000,12960,14000,916024,0
2,142158182,127340817,0,63400,12960,49400,3204743,0
:Drone
:Formation Type
19
:Waypoint
1,148938011,141051775,0,0,12960,0,0,0
4,148930174,141208515,0,2400,12960,2400,156935,0
2,148506975,141647388,0,11800,12960,9400,609677,0
:Drone
:Formation Type
19
:Waypoint
1,156615034,148260909,0,0,12960,0,0,0
4,155819205,148236793,0,12200,12960,12200,796194,0
2,155288653,148839694,0,24400,12960,12200,803103,0
:Task
:Side
1
:Task Type
10
:Drone
:Drone Type
299
:Waypoint
1,143884085,128345843,0,0,0,0,0,0
2,149439131,144313514,0,-1,0,-1,16906361,0
:Drone
:Drone Type
299
:Waypoint
1,145324659,127213963,0,0,0,0,0,0
2,131356577,149723179,0,-1,0,-1,26490981,0
:Drone
:Drone Type
74
:Waypoint
1,142219975,127920732,0,0,0,0,0,0
2,144071126,139694054,0,-1,0,-1,11917964,0
:Gameplay
:Gameplay Sides
23,8 1
24,8 1
25,8 1
26,8 1
27,8 1
28,8 1
29,8 1
30,8 1
31,8 1
32,8 1
33,8 1
34,8 1
35,8 1
36,8 1
37,8 1
38,8 1
39,8 1
40,8 1
41,8 1
42,8 1
43,8 1
44,8 1
45,8 1
46,8 1
47,8 1
48,8 1
49,8 1
50,8 1
51,8 1
52,8 1
53,8 1
23,9 1
24,9 1
25,9 1
26,9 1
27,9 1
28,9 1
29,9 1
30,9 1
31,9 1
32,9 1
33,9 1
34,9 1
35,9 1
36,9 1
37,9 1
38,9 1
39,9 1
40,9 1
41,9 1
42,9 1
43,9 1
44,9 1
45,9 1
46,9 1
47,9 1
48,9 1
49,9 1
50,9 1
51,9 1
52,9 1
53,9 1
54,9 1
55,9 1
24,10 1
25,10 1
26,10 1
27,10 1
28,10 1
29,10 1
30,10 1
31,10 1
32,10 1
33,10 1
34,10 1
35,10 1
36,10 1
37,10 1
38,10 1
39,10 1
40,10 1
41,10 1
42,10 1
43,10 1
44,10 1
45,10 1
46,10 1
47,10 1
48,10 1
49,10 1
50,10 1
51,10 1
52,10 1
53,10 1
54,10 1
55,10 1
24,11 1
25,11 1
26,11 1
27,11 1
28,11 1
29,11 1
30,11 1
31,11 1
32,11 1
33,11 1
34,11 1
35,11 1
36,11 1
37,11 1
38,11 1
39,11 1
40,11 1
41,11 1
42,11 1
43,11 1
44,11 1
45,11 1
46,11 1
47,11 1
48,11 1
49,11 1
50,11 1
51,11 1
52,11 1
53,11 1
54,11 1
55,11 1
25,12 1
26,12 1
27,12 1
28,12 1
29,12 1
30,12 1
31,12 1
32,12 1
33,12 1
34,12 1
35,12 1
36,12 1
37,12 1
38,12 1
39,12 1
40,12 1
41,12 1
42,12 1
43,12 1
44,12 1
45,12 1
46,12 1
47,12 1
48,12 1
49,12 1
50,12 1
51,12 1
52,12 1
53,12 1
54,12 1
55,12 1
26,13 1
27,13 1
28,13 1
29,13 1
30,13 1
31,13 1
32,13 1
33,13 1
34,13 1
35,13 1
36,13 1
37,13 1
38,13 1
39,13 1
40,13 1
41,13 1
42,13 1
43,13 1
44,13 1
45,13 1
46,13 1
47,13 1
48,13 1
49,13 1
50,13 1
51,13 1
52,13 1
53,13 1
54,13 1
55,13 1
27,14 1
28,14 1
29,14 1
30,14 1
31,14 1
33,14 1
35,14 1
36,14 1
37,14 1
38,14 1
39,14 1
40,14 1
41,14 1
42,14 1
43,14 1
44,14 1
45,14 1
46,14 1
47,14 1
48,14 1
49,14 1
50,14 1
51,14 1
52,14 1
53,14 1
54,14 1
55,14 1
20,15 1
30,15 1
31,15 1
34,15 1
35,15 1
36,15 1
37,15 1
38,15 1
39,15 1
40,15 1
41,15 1
42,15 1
43,15 1
44,15 1
45,15 1
46,15 1
47,15 1
48,15 1
49,15 1
50,15 1
51,15 1
52,15 1
53,15 1
54,15 1
55,15 1
20,16 1
22,16 1
34,16 1
35,16 1
36,16 1
37,16 1
38,16 1
39,16 1
40,16 1
41,16 1
42,16 1
43,16 1
44,16 1
45,16 1
46,16 1
47,16 1
48,16 1
49,16 1
50,16 1
51,16 1
52,16 1
53,16 1
54,16 1
55,16 1
33,17 1
34,17 1
35,17 1
36,17 1
37,17 1
38,17 1
39,17 1
40,17 1
41,17 1
42,17 1
43,17 1
44,17 1
45,17 1
46,17 1
47,17 1
48,17 1
49,17 1
50,17 1
51,17 1
52,17 1
53,17 1
54,17 1
55,17 1
30,18 1
31,18 1
32,18 1
33,18 1
34,18 1
35,18 1
36,18 1
37,18 1
38,18 1
39,18 1
40,18 1
41,18 1
42,18 1
43,18 1
44,18 1
45,18 1
46,18 1
47,18 1
48,18 1
49,18 1
50,18 1
51,18 1
52,18 1
53,18 1
54,18 1
55,18 1
22,19 1
23,19 1
31,19 1
32,19 1
33,19 1
34,19 1
35,19 1
36,19 1
37,19 1
38,19 1
39,19 1
40,19 1
41,19 1
42,19 1
43,19 1
44,19 1
45,19 1
46,19 1
47,19 1
48,19 1
49,19 1
50,19 1
51,19 1
52,19 1
53,19 1
54,19 1
55,19 1
30,20 1
31,20 1
34,20 1
35,20 1
36,20 1
37,20 1
38,20 1
39,20 1
40,20 1
41,20 1
42,20 1
43,20 1
44,20 1
45,20 1
46,20 1
47,20 1
48,20 1
49,20 1
50,20 1
51,20 1
52,20 1
53,20 1
54,20 1
55,20 1
33,21 1
34,21 1
35,21 1
36,21 1
37,21 1
38,21 1
39,21 1
40,21 1
41,21 1
42,21 1
43,21 1
44,21 1
45,21 1
46,21 1
47,21 1
48,21 1
49,21 1
50,21 1
51,21 1
52,21 1
53,21 1
54,21 1
55,21 1
28,22 1
29,22 1
33,22 1
34,22 1
35,22 1
36,22 1
37,22 1
38,22 1
39,22 1
40,22 1
41,22 1
42,22 1
43,22 1
44,22 1
45,22 1
46,22 1
47,22 1
48,22 1
49,22 1
50,22 1
51,22 1
52,22 1
53,22 1
54,22 1
55,22 1
28,23 1
29,23 1
32,23 1
33,23 1
34,23 1
35,23 1
36,23 1
37,23 1
38,23 1
39,23 1
40,23 1
41,23 1
42,23 1
43,23 1
44,23 1
45,23 1
46,23 1
47,23 1
48,23 1
49,23 1
50,23 1
51,23 1
52,23 1
53,23 1
54,23 1
55,23 1
31,24 1
32,24 1
33,24 1
34,24 1
35,24 1
36,24 1
37,24 1
38,24 1
39,24 1
40,24 1
41,24 1
42,24 1
43,24 1
44,24 1
45,24 1
46,24 1
47,24 1
48,24 1
49,24 1
50,24 1
51,24 1
52,24 1
53,24 1
54,24 1
55,24 1
31,25 1
32,25 1
33,25 1
34,25 1
35,25 1
36,25 1
37,25 1
38,25 1
39,25 1
40,25 1
41,25 1
42,25 1
43,25 1
44,25 1
45,25 1
46,25 1
47,25 1
48,25 1
49,25 1
50,25 1
51,25 1
52,25 1
53,25 1
54,25 1
55,25 1
32,26 1
33,26 1
34,26 1
35,26 1
36,26 1
37,26 1
38,26 1
39,26 1
40,26 1
41,26 1
42,26 1
43,26 1
44,26 1
45,26 1
46,26 1
47,26 1
48,26 1
49,26 1
50,26 1
51,26 1
52,26 1
53,26 1
54,26 1
55,26 1
27,27 1
28,27 1
29,27 1
30,27 1
31,27 1
32,27 1
33,27 1
34,27 1
35,27 1
36,27 1
37,27 1
38,27 1
39,27 1
40,27 1
41,27 1
42,27 1
43,27 1
44,27 1
45,27 1
46,27 1
47,27 1
48,27 1
49,27 1
50,27 1
51,27 1
52,27 1
53,27 1
54,27 1
55,27 1
15,28 1
16,28 1
27,28 1
28,28 1
29,28 1
30,28 1
31,28 1
32,28 1
33,28 1
34,28 1
35,28 1
36,28 1
37,28 1
38,28 1
39,28 1
40,28 1
41,28 1
42,28 1
43,28 1
44,28 1
45,28 1
46,28 1
47,28 1
48,28 1
49,28 1
50,28 1
51,28 1
52,28 1
53,28 1
54,28 1
55,28 1
9,29 2
10,29 2
15,29 1
16,29 1
27,29 1
28,29 1
29,29 1
30,29 1
31,29 1
32,29 1
33,29 1
34,29 1
35,29 1
36,29 1
37,29 1
38,29 1
39,29 1
40,29 1
41,29 1
42,29 1
43,29 1
44,29 1
45,29 1
46,29 1
47,29 1
48,29 1
49,29 1
50,29 1
51,29 1
52,29 1
53,29 1
54,29 1
55,29 1
9,30 2
10,30 2
11,30 2
12,30 2
23,30 2
24,30 2
25,30 1
27,30 1
28,30 1
29,30 1
30,30 1
31,30 1
32,30 1
33,30 1
34,30 1
35,30 1
36,30 1
37,30 1
38,30 1
39,30 1
40,30 1
41,30 1
42,30 1
43,30 1
44,30 1
45,30 1
46,30 1
47,30 1
48,30 1
49,30 1
50,30 1
51,30 1
52,30 1
53,30 1
54,30 1
55,30 1
9,31 2
10,31 2
11,31 2
12,31 2
13,31 2
14,31 2
17,31 2
22,31 2
23,31 2
24,31 2
25,31 1
26,31 1
27,31 1
28,31 1
29,31 1
30,31 1
31,31 2
32,31 2
33,31 1
34,31 1
35,31 1
36,31 1
37,31 1
38,31 1
39,31 1
40,31 1
41,31 1
42,31 1
43,31 1
44,31 1
45,31 1
46,31 1
47,31 1
48,31 1
49,31 1
50,31 1
51,31 1
52,31 1
53,31 1
54,31 1
55,31 1
8,32 2
9,32 2
10,32 2
11,32 2
12,32 2
13,32 2
14,32 2
17,32 2
19,32 2
20,32 2
21,32 2
22,32 2
23,32 2
24,32 2
25,32 1
26,32 1
28,32 1
29,32 2
30,32 2
31,32 2
32,32 2
33,32 2
34,32 1
35,32 1
36,32 1
37,32 1
38,32 1
39,32 1
40,32 1
41,32 1
42,32 1
43,32 1
44,32 1
45,32 1
46,32 1
47,32 1
48,32 1
49,32 1
50,32 1
51,32 1
52,32 1
53,32 1
54,32 1
55,32 1
8,33 2
9,33 2
10,33 2
11,33 2
12,33 2
13,33 2
14,33 2
15,33 2
19,33 2
20,33 2
21,33 2
22,33 2
23,33 2
24,33 2
25,33 2
26,33 2
27,33 2
28,33 2
29,33 2
30,33 2
31,33 2
32,33 2
33,33 2
34,33 2
35,33 1
36,33 1
37,33 1
38,33 1
39,33 1
40,33 1
41,33 1
42,33 1
43,33 1
44,33 1
45,33 1
46,33 1
47,33 1
48,33 1
49,33 1
50,33 1
51,33 1
52,33 1
53,33 1
54,33 1
55,33 1
8,34 2
9,34 2
10,34 2
11,34 2
12,34 2
13,34 2
14,34 2
15,34 2
16,34 2
18,34 2
19,34 2
20,34 2
21,34 2
22,34 2
23,34 2
24,34 2
25,34 2
26,34 2
27,34 2
28,34 2
29,34 2
30,34 2
31,34 2
32,34 2
33,34 2
34,34 2
35,34 2
36,34 1
37,34 1
38,34 1
39,34 2
40,34 2
41,34 2
42,34 1
43,34 1
44,34 1
45,34 1
46,34 1
47,34 1
48,34 1
49,34 1
50,34 1
51,34 1
52,34 1
53,34 1
54,34 1
55,34 1
8,35 2
9,35 2
10,35 2
11,35 2
12,35 2
13,35 2
14,35 2
15,35 2
16,35 2
17,35 2
18,35 2
19,35 2
20,35 2
21,35 2
22,35 2
23,35 2
24,35 2
25,35 2
26,35 2
27,35 2
28,35 2
29,35 2
30,35 2
31,35 2
32,35 2
33,35 2
34,35 2
35,35 2
36,35 1
37,35 1
38,35 1
39,35 2
40,35 2
41,35 2
42,35 2
43,35 1
44,35 1
45,35 1
46,35 1
47,35 1
48,35 1
49,35 1
50,35 1
51,35 1
52,35 1
53,35 1
54,35 1
55,35 1
8,36 2
9,36 2
10,36 2
11,36 2
12,36 2
13,36 2
14,36 2
15,36 2
16,36 2
17,36 2
18,36 2
19,36 2
20,36 2
21,36 2
22,36 2
23,36 2
24,36 2
25,36 2
26,36 2
27,36 2
28,36 2
29,36 2
30,36 2
31,36 2
32,36 2
33,36 2
34,36 2
35,36 2
36,36 2
37,36 1
38,36 2
39,36 2
40,36 2
41,36 2
42,36 2
43,36 1
44,36 1
45,36 1
46,36 1
47,36 1
48,36 1
49,36 1
50,36 1
51,36 1
52,36 1
53,36 1
54,36 1
55,36 1
8,37 2
9,37 2
10,37 2
11,37 2
12,37 2
13,37 2
14,37 2
15,37 2
16,37 2
17,37 2
18,37 2
19,37 2
20,37 2
21,37 2
22,37 2
23,37 2
24,37 2
25,37 2
26,37 2
27,37 2
28,37 2
29,37 2
30,37 2
31,37 2
32,37 2
33,37 2
34,37 2
35,37 2
36,37 2
37,37 2
38,37 2
39,37 2
40,37 2
41,37 2
42,37 2
43,37 2
44,37 2
45,37 1
46,37 1
47,37 1
48,37 1
49,37 1
50,37 1
51,37 1
52,37 1
53,37 1
54,37 1
55,37 1
8,38 2
9,38 2
10,38 2
11,38 2
12,38 2
13,38 2
14,38 2
15,38 2
16,38 2
17,38 2
18,38 2
19,38 2
20,38 2
21,38 2
22,38 2
23,38 2
24,38 2
25,38 2
26,38 2
27,38 2
28,38 2
29,38 2
30,38 2
31,38 2
32,38 2
33,38 2
34,38 2
35,38 2
36,38 2
37,38 2
38,38 2
39,38 2
40,38 2
41,38 2
42,38 2
43,38 2
44,38 2
45,38 2
46,38 1
47,38 1
48,38 1
49,38 1
50,38 1
51,38 1
52,38 1
53,38 1
54,38 1
55,38 1
8,39 2
9,39 2
10,39 2
11,39 2
12,39 2
13,39 2
14,39 2
15,39 2
16,39 2
17,39 2
18,39 2
19,39 2
20,39 2
21,39 2
22,39 2
23,39 2
24,39 2
25,39 2
26,39 2
27,39 2
28,39 2
29,39 2
30,39 2
31,39 2
32,39 2
33,39 2
34,39 2
35,39 2
36,39 2
37,39 2
38,39 2
39,39 2
40,39 2
41,39 2
42,39 2
43,39 2
44,39 2
45,39 2
46,39 1
47,39 1
48,39 1
49,39 1
50,39 1
51,39 1
52,39 1
53,39 1
54,39 1
55,39 1
8,40 2
9,40 2
10,40 2
11,40 2
12,40 2
13,40 2
14,40 2
15,40 2
16,40 2
17,40 2
18,40 2
19,40 2
20,40 2
21,40 2
22,40 2
23,40 2
24,40 2
25,40 2
26,40 2
27,40 2
28,40 2
29,40 2
30,40 2
31,40 2
32,40 2
33,40 2
34,40 2
35,40 2
36,40 2
37,40 2
38,40 2
39,40 2
40,40 2
41,40 2
42,40 2
43,40 2
44,40 2
45,40 2
46,40 1
47,40 1
48,40 1
49,40 1
50,40 1
51,40 1
52,40 1
53,40 1
54,40 1
55,40 1
8,41 2
9,41 2
10,41 2
11,41 2
12,41 2
13,41 2
14,41 2
15,41 2
16,41 2
17,41 2
18,41 2
19,41 2
20,41 2
21,41 2
22,41 2
23,41 2
24,41 2
25,41 2
26,41 2
27,41 2
28,41 2
29,41 2
30,41 2
31,41 2
32,41 2
33,41 2
34,41 2
35,41 2
36,41 2
37,41 2
38,41 2
39,41 2
40,41 2
41,41 2
42,41 2
43,41 2
44,41 2
45,41 2
46,41 1
47,41 1
48,41 1
49,41 1
50,41 1
51,41 1
52,41 1
53,41 1
54,41 1
55,41 1
8,42 2
9,42 2
10,42 2
11,42 2
12,42 2
13,42 2
14,42 2
15,42 2
16,42 2
17,42 2
18,42 2
19,42 2
20,42 2
21,42 2
22,42 2
23,42 2
24,42 2
25,42 2
26,42 2
27,42 2
28,42 2
29,42 2
30,42 2
31,42 2
32,42 2
33,42 2
34,42 2
35,42 2
36,42 2
37,42 2
38,42 2
39,42 2
40,42 2
41,42 2
42,42 2
43,42 2
44,42 2
45,42 2
46,42 2
47,42 1
48,42 1
49,42 1
50,42 1
51,42 1
52,42 1
53,42 1
54,42 1
55,42 1
8,43 2
9,43 2
10,43 2
11,43 2
12,43 2
13,43 2
14,43 2
15,43 2
16,43 2
17,43 2
18,43 2
19,43 2
20,43 2
21,43 2
22,43 2
23,43 2
24,43 2
25,43 2
26,43 2
27,43 2
28,43 2
29,43 2
30,43 2
31,43 2
32,43 2
33,43 2
34,43 2
35,43 2
36,43 2
37,43 2
38,43 2
39,43 2
40,43 2
41,43 2
42,43 2
43,43 2
44,43 2
45,43 2
46,43 2
47,43 2
48,43 1
49,43 1
50,43 1
51,43 1
52,43 1
53,43 1
54,43 1
55,43 1
8,44 2
9,44 2
10,44 2
11,44 2
12,44 2
13,44 2
14,44 2
15,44 2
16,44 2
17,44 2
18,44 2
19,44 2
20,44 2
21,44 2
22,44 2
23,44 2
24,44 2
25,44 2
26,44 2
27,44 2
28,44 2
29,44 2
30,44 2
31,44 2
32,44 2
33,44 2
34,44 2
35,44 2
36,44 2
37,44 2
38,44 2
39,44 2
40,44 2
41,44 2
42,44 2
43,44 2
44,44 2
45,44 2
46,44 2
47,44 2
48,44 2
49,44 2
50,44 2
51,44 2
52,44 2
53,44 2
54,44 2
55,44 2
8,45 2
9,45 2
10,45 2
11,45 2
12,45 2
13,45 2
14,45 2
15,45 2
16,45 2
17,45 2
18,45 2
19,45 2
20,45 2
21,45 2
22,45 2
23,45 2
24,45 2
25,45 2
26,45 2
27,45 2
28,45 2
29,45 2
30,45 2
31,45 2
32,45 2
33,45 2
34,45 2
35,45 2
36,45 2
37,45 2
38,45 2
39,45 2
40,45 2
41,45 2
42,45 2
43,45 2
44,45 2
45,45 2
46,45 2
47,45 2
48,45 2
49,45 2
50,45 2
51,45 2
52,45 2
53,45 2
54,45 2
55,45 2
8,46 2
9,46 2
10,46 2
11,46 2
12,46 2
13,46 2
14,46 2
15,46 2
16,46 2
17,46 2
18,46 2
19,46 2
20,46 2
21,46 2
22,46 2
23,46 2
24,46 2
25,46 2
26,46 2
27,46 2
28,46 2
29,46 2
30,46 2
31,46 2
32,46 2
33,46 2
34,46 2
35,46 2
36,46 2
37,46 2
38,46 2
39,46 2
40,46 2
41,46 2
42,46 2
43,46 2
44,46 2
45,46 2
46,46 2
47,46 2
48,46 2
49,46 2
50,46 2
51,46 2
52,46 2
53,46 2
54,46 2
55,46 2
8,47 2
9,47 2
10,47 2
11,47 2
12,47 2
13,47 2
14,47 2
15,47 2
16,47 2
17,47 2
18,47 2
19,47 2
20,47 2
21,47 2
22,47 2
23,47 2
24,47 2
25,47 2
26,47 2
27,47 2
28,47 2
29,47 2
30,47 2
31,47 2
32,47 2
33,47 2
34,47 2
35,47 2
36,47 2
37,47 2
38,47 2
39,47 2
40,47 2
41,47 2
42,47 2
43,47 2
44,47 2
45,47 2
46,47 2
47,47 2
48,47 2
49,47 2
50,47 2
51,47 2
52,47 2
53,47 2
54,47 2
55,47 2
8,48 2
9,48 2
10,48 2
11,48 2
12,48 2
13,48 2
14,48 2
15,48 2
16,48 2
17,48 2
18,48 2
19,48 2
20,48 2
21,48 2
22,48 2
23,48 2
24,48 2
25,48 2
26,48 2
27,48 2
28,48 2
29,48 2
30,48 2
31,48 2
32,48 2
33,48 2
34,48 2
35,48 2
36,48 2
37,48 2
38,48 2
39,48 2
40,48 2
41,48 2
42,48 2
43,48 2
44,48 2
45,48 2
46,48 2
47,48 2
48,48 2
49,48 2
50,48 2
51,48 2
52,48 2
53,48 2
54,48 2
55,48 2
8,49 2
9,49 2
10,49 2
11,49 2
12,49 2
13,49 2
14,49 2
15,49 2
16,49 2
17,49 2
18,49 2
19,49 2
20,49 2
21,49 2
22,49 2
23,49 2
24,49 2
25,49 2
26,49 2
27,49 2
28,49 2
29,49 2
30,49 2
31,49 2
32,49 2
33,49 2
34,49 2
35,49 2
36,49 2
37,49 2
38,49 2
39,49 2
40,49 2
41,49 2
42,49 2
43,49 2
44,49 2
45,49 2
46,49 2
47,49 2
48,49 2
49,49 2
50,49 2
51,49 2
52,49 2
53,49 2
54,49 2
55,49 2
8,50 2
9,50 2
10,50 2
11,50 2
12,50 2
13,50 2
14,50 2
15,50 2
16,50 2
17,50 2
18,50 2
19,50 2
20,50 2
21,50 2
22,50 2
23,50 2
24,50 2
25,50 2
26,50 2
27,50 2
28,50 2
29,50 2
30,50 2
31,50 2
32,50 2
33,50 2
34,50 2
35,50 2
36,50 2
37,50 2
38,50 2
39,50 2
40,50 2
41,50 2
42,50 2
43,50 2
44,50 2
45,50 2
46,50 2
47,50 2
48,50 2
49,50 2
50,50 2
51,50 2
52,50 2
53,50 2
54,50 2
55,50 2
8,51 2
9,51 2
10,51 2
11,51 2
12,51 2
13,51 2
14,51 2
15,51 2
16,51 2
17,51 2
18,51 2
19,51 2
20,51 2
21,51 2
22,51 2
23,51 2
24,51 2
25,51 2
26,51 2
27,51 2
28,51 2
29,51 2
30,51 2
31,51 2
32,51 2
33,51 2
34,51 2
35,51 2
36,51 2
37,51 2
38,51 2
39,51 2
40,51 2
41,51 2
42,51 2
43,51 2
44,51 2
45,51 2
46,51 2
47,51 2
48,51 2
49,51 2
50,51 2
51,51 2
52,51 2
53,51 2
54,51 2
55,51 2
8,52 2
9,52 2
10,52 2
11,52 2
12,52 2
13,52 2
14,52 2
15,52 2
16,52 2
17,52 2
18,52 2
19,52 2
20,52 2
21,52 2
22,52 2
23,52 2
24,52 2
25,52 2
26,52 2
27,52 2
28,52 2
29,52 2
30,52 2
31,52 2
32,52 2
33,52 2
34,52 2
35,52 2
36,52 2
37,52 2
38,52 2
39,52 2
40,52 2
41,52 2
42,52 2
43,52 2
44,52 2
45,52 2
46,52 2
47,52 2
48,52 2
49,52 2
50,52 2
51,52 2
52,52 2
53,52 2
54,52 2
55,52 2
8,53 2
9,53 2
10,53 2
11,53 2
12,53 2
13,53 2
14,53 2
15,53 2
16,53 2
17,53 2
18,53 2
19,53 2
20,53 2
21,53 2
22,53 2
23,53 2
24,53 2
25,53 2
26,53 2
27,53 2
28,53 2
29,53 2
30,53 2
31,53 2
32,53 2
33,53 2
34,53 2
35,53 2
36,53 2
37,53 2
38,53 2
39,53 2
40,53 2
41,53 2
42,53 2
43,53 2
44,53 2
45,53 2
46,53 2
47,53 2
48,53 2
49,53 2
50,53 2
51,53 2
52,53 2
53,53 2
54,53 2
55,53 2
8,54 2
9,54 2
10,54 2
11,54 2
12,54 2
13,54 2
14,54 2
15,54 2
16,54 2
17,54 2
18,54 2
19,54 2
20,54 2
21,54 2
22,54 2
23,54 2
24,54 2
25,54 2
26,54 2
27,54 2
28,54 2
29,54 2
30,54 2
31,54 2
32,54 2
33,54 2
34,54 2
35,54 2
36,54 2
37,54 2
38,54 2
39,54 2
40,54 2
41,54 2
42,54 2
43,54 2
44,54 2
45,54 2
46,54 2
47,54 2
48,54 2
49,54 2
50,54 2
51,54 2
52,54 2
53,54 2
54,54 2
55,54 2
8,55 2
9,55 2
10,55 2
11,55 2
12,55 2
13,55 2
14,55 2
15,55 2
16,55 2
17,55 2
18,55 2
19,55 2
20,55 2
21,55 2
22,55 2
23,55 2
24,55 2
25,55 2
26,55 2
27,55 2
28,55 2
29,55 2
30,55 2
31,55 2
32,55 2
33,55 2
34,55 2
35,55 2
36,55 2
37,55 2
38,55 2
39,55 2
40,55 2
41,55 2
42,55 2
43,55 2
44,55 2
45,55 2
46,55 2
47,55 2
48,55 2
49,55 2
50,55 2
51,55 2
52,55 2
53,55 2
54,55 2
55,55 2
:Gameplay AAA
134744064,67635200
134744064,84412416
179842816,84400640
159901184,94492672
157435904,97369088
183308288,97768192
134744064,101189632
202793216,101840384
210861824,105949440
215493888,109498368
130876416,119073280
133327104,133640960
128809728,136803072
134744064,134744064
139648768,138014720
213327360,136431872
121281280,141470720
128580864,141245696
132122368,138459392
139855872,138480384
144068608,139936768
217474304,142158336
95940608,145482240
130660864,146501632
139070208,146419200
145268480,146584064
86245632,150176512
100234752,149525504
111918592,150250496
119813120,150432768
124724736,149799424
129671424,148975104
133874176,150621440
136390656,149923328
139750912,148827136
168199680,147786496
118695936,151009024
132933120,151302656
136390656,154952448
138946560,152561408
144016896,154292736
162257408,154801152
167436544,153104384
169166336,151539200
175704832,154893568
103310592,157244928
125714176,155529472
133175296,155817984
138014208,158844672
143109888,158415104
152672256,157700096
156057856,155800832
161020928,155988224
170076160,156997376
173684992,158501376
177543936,159164672
124230144,159940352
139222016,159905280
99237120,163898624
121370368,167462912
142256896,163763712
161565952,166279424
165485056,163988224
169404160,164108800
193499648,167692800
138854912,171646720
194555648,171471616
111661568,174456064
123729664,173115136
194988288,172566016
119333376,183587840
125087232,188357120
148700928,185551616
181584896,184687616
190718976,186303232
128549888,192736512
134049280,190767616
134558464,190563840
208837632,191945728
209793536,192046336
223480832,192194304
228400384,191494144
181802496,193604096
221498624,193976576
154213888,201481472
213538816,208089600
163343104,222216704
163889920,222241536
189633536,219128576
165803776,226789888
134744064,67635200
217361664,111440896
134744064,134744064
128659200,140717824
143443968,139751680
216969984,142263552
144640512,146090496
124724736,149016320
127280640,149840640
132451072,148388352
139894528,147284992
170340352,150877184
133126656,152081152
140595456,151489536
168086016,153870336
124848384,155817984
137957120,155982848
143109888,158291456
153503232,156532224
162603776,156037632
139855616,160980736
193270528,164969728
139682560,171929088
148461056,184558336
180652800,184811776
191713024,186613760
224371968,190703104
228163840,191712512
180932608,194473984
154321664,202021120
:Gameplay SAM
144670208,139710208
96141568,146257152
106862592,143155968
145403136,146090496
150047488,145143040
86846464,150064128
119516416,150118656
132932096,150217728
135505920,150526720
168199680,147957248
132933120,151244288
134798336,154095872
138689024,152472064
167915520,154097664
173089536,154438912
176444160,154779904
148708608,156048640
153085184,158030592
177032192,157865472
211568640,157195520
140789504,161195776
192231680,161480192
120861184,167564800
160269312,164306432
169600512,164306432
158593792,170375936
212209920,170014208
131207424,175722496
139174656,172361728
154272000,173668864
156072704,172228096
175930624,177044992
141028864,181167616
222800384,180740096
149180416,184935168
181496832,184677376
190866432,185957632
208284160,190939392
153593344,201940224
214805504,207405824
157552384,210336512
160746240,220936960
133784576,150711040
138142464,148870912
169223168,151652864
148379904,155841024
:Gameplay Tanks
144350976,139945984
149793536,145190144
156127744,143123712
143818752,140038656
149793536,145411328
156191232,143055616
143827968,139603712
150146304,145486592
144235264,139312128
150202880,144936192
:Gameplay APC
124979712,136826112
139842816,138050304
144207616,139760896
146728448,145536768
149720832,144611584
155951872,143239936
132161792,148484864
134557184,149899776
133046016,151635968
138817792,152568576
138967808,171910144
121879040,135191040
139969024,138272512
144179712,139552768
146680320,145909504
149684736,144803840
155991296,143210240
132370688,148131328
134782208,150108672
133174528,152054016
138994688,152632832
139193600,171947776
122301952,134627328
139584512,138320640
143749376,139811840
146343936,145681152
149360128,144827904
155924224,143185408
131984896,147954432
134380288,150205184
132820992,152375552
138882048,152745472
139155968,171740928
124528640,137192448
143999232,140117248
145761024,144821760
149372160,145068288
134766336,150462464
133254912,152375552
139588608,171721984
:Gameplay Recon
:Gameplay Laser
:Gameplay Keep
:Gameplay Extra
:Weapon
0,3
1,3
2,5
3,5
4,6
5,6
6,1
7,8
8,7
:Gun
1200
:Laser Timeout
0
:Wind Speed
0
:Wind Direction
0
:Weather Condition
0
:Time
12:0
:Failure Count
3
:Success Count
6
:Outstanding Count
8
:Destroy
