;
; enemy car abilities
;
; graphic types of cars
;       0 generic sports car
;       1 Truck rig with rear gunner
;       2 Bike 1
;       3 Off road pickup
;       4 Twin cycle
;       5 Mako (sport car)
;       6 Oil Tanker
;       7 Cube Van
;       8 Checker cab
;       9 Compact car
;       10 Off road 2
;       11 Overhead Spinner
;       12 Overhead Blimp
;       13 Rocket car
;       14 Chopper bike
;       15 Bike 3
;       16 Nomad
;       17 Tank and turret
;       18 Bike 4
;       19 Monster Truck
;       20 forklift
;       21 generic limo
;       22 sporty race car
;       23 big bus
;       24 weird vehicle
;       25 omnland hammer car
;       26 stealth plane
;       27 another weird vehicle
;       28 cargo plane
;       29 guy on bike
;       30 small k-car
;       31 cool van
;       32 big black limo
;       33 guy on bike
;       34 spiky rebel car
;       35 farm tractor
;       36 hang glider
;       37 cop car
;       38 mean 2/3 wheel bike
;       39 clown car
;       40 rabbit car
;       41 truck with parcels
;       42
;       43 vw bug
;       44 crop duster
;       45 wind van
;       45 unused
;       46 unused
;       47 unused
;       48 unused
;       49 unused
;
;       sizex/zhigh/mass/scale/sizez/sizeangle
;       lgun size/lgun angle/lgun zadjust
;       rgun size/rgun angle/rgun zadjust
;       cgun size/cgun angle/cgun zadjust
;       missile size/missile angle/missile zadjust
;       plasma size/plasma angle/plasma zadjust
;       mine size/shadowsize/mine zadjust
;

:
# car 0 is       PUMA
,47,2,9,576,10,25
,43,22,2
,43,339,3
,3,4,-12
,46,1,9
,6,359,-12
,-38,469,11

# car 1 is    BIG RIG
,60,-10,20,631,19,25
,59,10,1
,57,347,1
,-46,358,-1
,52,1,8
,-47,358,1
,-36,256,26

# car 2 is     BIKE 1
,27,6,5,597,11,19
,34,8,-1
,35,-2,-1
,32,0,-10
,32,45,2
,32,-45,2
,32,512,5

# car 3 is   OFFROAD1
,45,0,15,629,14,154
,46,9,1
,45,342,0
,46,359,2
,45,14,1
,43,347,0
,-43,512,12

# car 4 is   TWINBIKE
,36,5,5,609,11,43
,21,59,0
,23,311,0
,7,349,-10
,24,60,4
,11,355,-7
,-15,522,9

# car 5 is       MAKO
,44,5,9,615,9,21
,32,45,0
,42,335,0
,5,359,-11
,32,19,2
,6,359,-10
,-43,512,10

# car 6 is     TANKER
,56,-10,20,642,19,23
,60,10,3
,62,348,3
,54,13,10
,54,347,10
,54,359,5
,-51,512,24

# car 7 is   CUBE VAN
,55,-3,18,583,15,17
,59,5,3
,59,356,3
,55,1,10
,54,1,12
,67,0,2
,-28,512,15

# car 8 is    CHECKER
,63,4,10,511,10,11
,59,17,-2
,56,343,-2
,7,2,-17
,45,25,-7
,5,3,-17
,-49,512,10

# car 9 is    COMPACT
,35,4,8,462,9,19
,15,22,-13
,14,327,-14
,38,359,8
,-20,5,-16
,37,1,7
,-37,512,5

# car 10 is   OFFROAD2
,45,-5,16,575,16,27
,47,14,12
,46,345,12
,42,0,-9
,42,359,14
,40,1,-7
,-38,512,16

# car 11 is    SPINNER
,48,-2,14,512,11,54
,44,88,19
,42,268,20
,43,269,18
,-18,1,2
,44,95,19
,32,512,5

# car 12 is      BLIMP
,59,-37,20,512,13,25
,-28,289,33
,31,251,33
,1,0,22
,33,118,34
,31,253,32
,-26,512,31

# car 13 is     ROCKET
,45,8,8,544,10,20
,20,127,-8
,12,273,-7
,20,85,2
,17,290,3
,43,0,8
,-36,512,7

# car 14 is    CHOPPER
,33,4,6,585,10,17
,26,9,1
,28,350,0
,-3,4,-13
,12,86,6
,16,316,7
,-26,512,11

# car 15 is      BIKE3
,28,6,5,525,12,26
,26,8,-2
,25,352,-2
,11,1,2
,18,357,2
,21,1,2
,-26,512,0

# car 16 is   OFFROAD3
,45,-1,20,536,14,19
,42,10,5
,40,350,5
,20,355,-12
,-5,3,-13
,-17,3,-14
,-29,512,11

# car 17 is       TANK
,55,-16,30,512,5,45
,32,45,0
,32,-45,0
,32,0,-10
,32,45,2
,32,-45,2
,32,512,5

# car 18 is      BIKE4
,28,3,6,482,10,21
,27,16,1
,31,352,0
,21,359,4
,13,0,7
,13,0,6
,-35,512,2

# car 19 is    MONSTER
,55,-23,24,734,30,31
,53,14,10
,41,345,9
,44,0,-17
,36,0,9
,45,-1,-14
,-35,512,11

# car 20 is   FORKLIFT
,52,-3,16,549,15,16
,-35,334,-7
,28,208,-5
,15,1,20
,24,156,8
,-11,182,15
,-43,512,25

# car 21 is       LIMO
,56,1,10,651,15,15
,59,10,9
,60,-6,8
,53,0,3
,53,2,12
,54,1,5
,-40,512,15

# car 22 is     SPORTY
,50,2,8,588,9,16
,26,137,-13
,18,251,-14
,-25,0,-15
,-39,2,-16
,33,45,14
,-55,512,13

# car 23 is        BUS
,59,-7,23,556,15,18
,33,108,-2
,35,262,0
,-70,0,-7
,-63,180,9
,69,0,5
,-63,512,20

# car 24 is     WIERD1
,48,-7,12,603,18,22
,28,56,-6
,25,307,-7
,32,22,-15
,32,337,-17
,37,345,-16
,-41,512,26

# car 25 is     HAMMER
,30,-7,8,531,21,22
,34,9,25
,34,-8,24
,28,0,21
,28,4,20
,35,2,19
,-4,512,30

# car 26 is    STEALTH
,48,1,40,512,15,45
,36,133,8
,47,276,8
,37,89,9
,38,263,11
,40,297,7
,-7,512,12

# car 27 is     WIERD2
,25,2,8,449,15,24
,29,12,-4
,32,352,-6
,13,66,-11
,-16,356,-17
,10,299,-11
,-17,512,15

# car 28 is      CARGO
,56,-4,25,567,15,31
,57,13,10
,55,345,10
,54,15,9
,19,358,17
,57,346,9
,-54,512,25

# car 29 is     RIDER1
,25,4,5,512,15,19
,34,1,-6
,38,1,-4
,36,3,-5
,32,1,4
,37,2,-5
,-19,512,1

# car 30 is       KCAR
,29,8,8,572,15,28
,52,5,4
,52,354,4
,52,0,3
,48,2,11
,46,1,9
,-26,512,11

# car 31 is        VAN
,44,-3,12,539,15,18
,59,26,1
,61,341,1
,59,21,0
,-7,2,-26
,52,1,9
,-33,512,21

# car 32 is   BIG LIMO
,75,-2,18,664,12,10
,56,20,-8
,56,341,-8
,76,1,6
,-11,347,-26
,59,0,5
,-67,512,19

# car 33 is     RIDER2
,21,1,5,512,15,23
,32,15,-5
,32,349,-4
,33,0,-2
,21,2,-9
,30,3,-6
,-21,512,7

# car 34 is      SPIKY
,49,-3,15,618,13,27
,19,112,-13
,21,255,-12
,59,1,15
,55,2,15
,49,0,14
,-37,512,21

# car 35 is    TRACTOR
,65,-38,30,819,46,30
,32,45,0
,32,-45,0
,76,0,18
,32,45,2
,61,359,32
,-53,512,41

# car 36 is     GLIDER
,48,0,5,512,8,35
,48,105,-5
,22,1,6
,10,0,4
,6,0,2
,-6,0,1
,-8,512,2

# car 37 is     POLICE
,47,1,14,554,15,23
,57,22,1
,63,345,-1
,23,66,-10
,58,2,8
,20,292,-8
,-40,512,14

# car 38 is   BAD BIKE
,36,-3,5,605,15,24
,63,19,-1
,62,-19,0
,62,19,-2
,49,0,19
,65,341,-2
,-9,512,6

# car 39 is      CLOWN
,48,-6,15,512,17,19
,35,6,17
,41,354,18
,45,1,22
,42,2,26
,32,-45,2
,32,512,5

# car 40 is     RABBIT
,49,-14,15,664,25,28
,63,4,31
,63,-3,32
,62,0,31
,61,0,34
,62,1,32
,-37,512,38

# car 41 is     SUPPLY
,48,-4,20,664,15,32
,62,14,19
,60,347,19
,56,0,5
,57,0,6
,56,1,5
,-47,512,25

# car 42 is  64 F-CAB
,48,-3,25,512,15,45
,32,45,0
,32,-45,0
,32,0,-10
,32,45,2
,32,-45,2
,32,512,5

# car 43 is    VW BUG
,28,1,7,562,12,41
,34,49,-5
,37,334,-4
,32,0,16
,37,1,6
,39,1,15
,-37,512,16

# car 44 is    CROPPER
,72,-6,8,882,18,117
,21,6,-9
,26,353,-8
,28,0,-9
,22,1,9
,22,2,-6
,-20,512,7

# car 45 is   DRUG VAN
,51,-7,12,598,15,28
,28,56,-5
,32,-42,-4
,43,0,-9
,36,0,-13
,37,1,-11
,-34,512,24

# car 46 is           
,32,-33,35,535,15,42
,37,359,18
,38,1,19
,37,359,17
,-17,178,-8
,41,1,17
,-18,512,27

# car 47 is           
,48,-10,50,768,80,0
,32,45,0
,32,-45,0
,32,0,-10
,32,45,2
,32,-45,2
,32,512,5

# car 48 is           
,16,0,16,510,15,0
,32,45,0
,32,-45,0
,32,0,-10
,32,45,2
,32,-45,2
,32,512,5

# car 49 is           
,16,5,25,511,15,0
,32,45,0
,32,-45,0
,32,0,-10
,32,45,2
,32,-45,2
,32,512,5

# car 50 is 
,16,10,20,384,15,0
,32,45,0
,32,-45,0
,32,0,-10
,32,45,2
,32,-45,2
,32,512,5

# car 51 is 
,16,0,20,512,15,0
,32,45,0
,32,-45,0
,32,0,-10
,32,45,2
,32,-45,2
,32,512,5

# car 52 is 
,16,10,20,384,15,0
,32,45,0
,32,-45,0
,32,0,-10
,32,45,2
,32,-45,2
,32,512,5

# car 53 is
,16,10,20,384,15,0
,32,45,0
,32,-45,0
,32,0,-10
,32,45,2
,32,-45,2
,32,512,5

# car 54 is
,16,10,20,384,15,0
,32,45,0
,32,-45,0
,32,0,-10
,32,45,2
,32,-45,2
,32,512,5

# car 55 is
,16,10,20,384,15,0
,32,45,0
,32,-45,0
,32,0,-10
,32,45,2
,32,-45,2
,32,512,5

# car 56 is
,16,10,20,384,15,0
,32,45,0
,32,-45,0
,32,0,-10
,32,45,2
,32,-45,2
,32,512,5

# car 57 is
,16,10,20,384,15,0
,32,45,0
,32,-45,0
,32,0,-10
,32,45,2
,32,-45,2
,32,512,5

# car 52 is 
,16,10,20,384,15,0
,32,45,0
,32,-45,0
,32,0,-10
,32,45,2
,32,-45,2
,32,512,5
:
