#
# defines which levels are in the game
#       start of level data = colon! do not put anywhere else
#       start of data item  = comma! do not put anywhere else
#
# layout of data
#          string describing level
#          gametype subtype
#          map
#          tiles floor skies colors
#          collisiondata triggerdata personalities/traits or bossnumber
#          waitscreen
#          x y z dir
#          weapons 6 classes
#          mission list of 20
#          up to 20 entries for cars/peds terminate 99
#

:
"VIEW CARZ"
,3,0
,1
,1,1,1,1
,1,0,2
,1
,21,36,-30,180
,0,0,0,0,1,250,0,0,0,0,1,250
,1,0,0,0,0,0,0,0,0,0,0,0,0,0,0,0,0,0,0,0
,0,0,0,0,0,0,0,0,0,0
,99

:
"DERSERT"
,0,1
,7
,2,2,2,2
,1,0,2
,1
,10,128,-30,180
,0,0,0,0,1,250,0,0,0,0,1,250
,2,3,2,1,0,0,0,0,0,0,0,0,0,0,0,0,0,0,0,0
,1,2,3,4,5,6,7,0,0,0
,42,22,33,35,40,18,11,12,60,99

:
"FLAG CITY"
,0,1
,1
,1,1,1,1
,1,0,2
,1
,21,38,-30,180
,0,0,0,0,1,250,0,0,0,0,1,250
,2,3,2,1,0,0,0,0,0,0,0,0,0,0,0,0,0,0,0,0
,1,2,3,4,5,6,7,0,0,0
,42,22,33,35,40,18,11,12,60,99

:
"DEMO LEVEL"
,1,1
,1
,1,1,1,1
,1,0,0
,1
,44,57,-30,180
,0,0,0,0,2,250,0,0,0,0,1,250
,0,0,0,0,0,0,0,0,0,0
,0,0,0,0,0,0,0,0,0,0
,42,34,31,37,38,39,11,60,99

:
"RACE TRACK"
,2,1
,6
,0,0,0,0
,0,0,3
,0
,20,9,0,0
,0,0,0,0,0,0,0,0,0,0,1,250
,42,22,35,45,25,39,2,14,99

:            #3
"DEMO DERBY"
,2,0
,2
,0,0,0,0
,0,0,1
,0
,14,4,-30,270
,0,0,0,0,0,0,0,0,0,0,1,250
,0,0,0,0,0,0,0,0,0,0
,0,0,0,0,0,0,0,0,0,0
,42,19,22,29,34,38,37,30,99

:
"DESERT"
,0,1
,8
,2,2,2,2
,1,0,1
,0
,69,154,-30,180
,0,0,1,250,1,250,0,0,0,0,1,250
,42,23,22,27,31,11,60,99

:            #6
"MICKEY MOUSE"
,2,2
,2
,0,0,0,0
,0,0,1
,0
,14,4,0,270
,0,0,0,0,0,0,0,0,0,0,1,250
,0,0,0,0,0,0,0,0,0,0
,0,0,0,0,0,0,0,0,0,0
,42,56,99

:            #6
"DRUNK BOSS"
,2,2
,2
,0,0,0,0
,0,0,2
,0
,14,4,0,270
,0,0,0,0,0,0,0,0,0,0,1,250
,42,57,99

:            #22 empty
"EMPTY"
,99,0
,0
,0,0,0,0
,0,0,0
,0
,0,0,0,0
,0,0,0,0,0,0,0,0,0,0,1,250
,99,99,99,0
:            #22 empty
"EMPTY"
,99,0
,0
,0,0,0,0
,0,0,0
,0
,0,0,0,0
,0,0,0,0,0,0,0,0,0,0,1,250
,99,99,99,0
:            #22 empty
"EMPTY"
,99,0
,0
,0,0,0,0
,0,0,0
,0
,0,0,0,0
,0,0,0,0,0,0,0,0,0,0,1,250
,99,99,99,0
:            #22 empty
"EMPTY"
,99,0
,0
,0,0,0,0
,0,0,0
,0
,0,0,0,0
,0,0,0,0,0,0,0,0,0,0,1,250
,99,99,99,0
:            #22 empty
"EMPTY"
,99,0
,0
,0,0,0,0
,0,0,0
,0
,0,0,0,0
,0,0,0,0,0,0,0,0,0,0,1,250
,99,99,99,0

:            #13
"RACE TRACK I"
,2,1
,13
,6,6,6,6
,1,1,0
,0
,5,5,0,0
,0,0,0,0,0,0,0,0,0,0,1,250
,8,0,0,0
,19,0,0,0
,22,0,0,0
,29,0,0,0
,34,0,0,0
,38,0,0,0
,37,0,0,0
,30,0,0,0
,99,99,99,99

:            #13
"RACE TRACK II"
,2,1
,14
,6,6,6,6
,1,1,0
,0
,5,5,0,0
,0,0,0,0,0,0,0,0,0,0,1,250
,8,0,0,0
,19,0,0,0
,22,0,0,0
,29,0,0,0
,34,0,0,0
,38,0,0,0
,37,0,0,0
,30,0,0,0
,99,99,99,99

:             #20
"RACE TEST"
,2,1
,6
,2,2,2,2
,1,1,0
,0
,20,9,0,0
,1,250,6,250,5,250,2,250,0,0,1,250
,8,0,0,0
,19,0,0,0
,22,0,0,0
,29,0,0,0
,34,0,0,0
,38,0,0,0
,37,0,0,0
,30,0,0,0
,99,99,99,0
,99,99,99,0

:            #21
"PED TEST"
,2,3
,6
,2,2,2,2
,1,1,0
,0
,20,9,0,0
,1,250,6,250,5,250,2,250,0,0,1,250
,8,0,0,0
,0,0,0,0
,2,0,0,0
,4,0,0,0
,9,0,0,0
,13,0,0,0
,12,0,0,0
,60,0,0,0
,99,99,99,0
,99,99,99,0

:            #22
"AIR TEST"
,2,4
,9
,2,2,2,2
,1,1,0
,0
,20,9,0,0
,1,250,6,250,5,250,2,250,0,0,1,250
,8,0,0,0
,11,0,0,0
,12,0,0,0
,26,0,0,0
,28,0,0,0
,36,0,0,0
,99,0,0,0
,99,0,0,0
,99,0,0,0
,99,0,0,0

:            #23
"DESERT 2"
,2,1
,16
,8,8,8,8
,1,1,0
,0
,69,153,0,0
,0,0,0,0,0,0,0,0,0,0,1,250
,8,0,0,0
,0,0,0,0
,2,0,0,0
,4,0,0,0
,9,0,0,0
,13,0,0,0
,12,0,0,0
,60,0,0,0
,99,99,99,0
,99,99,99,0

:            #24
"DESERT 3"
,2,1
,17
,8,8,8,8
,1,1,0
,0
,275,175,0,180
,0,0,0,0,0,0,0,0,0,0,1,250
,8,0,0,0
,0,0,0,0
,2,0,0,0
,4,0,0,0
,9,0,0,0
,13,0,0,0
,12,0,0,0
,60,0,0,0
,99,99,99,0
,99,99,99,0

:                  #25
"DEMO"
,1,1
,1
,1,1,1,1
,1,1,0
,0
,135,19,0,90
,0,0,0,0,0,0,0,0,0,0,1,250
,8,0,0,0
,0,0,0,0
,2,0,0,0
,4,0,0,0
,9,0,0,0
,13,0,0,0
,12,0,0,0
,60,0,0,0
,99,99,99,0
,99,99,99,0

:                  #25
"DEMO"
,1,1
,1
,1,1,1,1
,1,1,0
,0
,135,19,0,90
,0,0,0,0,0,0,0,0,0,0,1,250
,8,0,0,0
,0,0,0,0
,2,0,0,0
,4,0,0,0
,9,0,0,0
,13,0,0,0
,12,0,0,0
,60,0,0,0
,99,99,99,0
,99,99,99,0

:            #2
"CINEMATICS 0"
,4,0

:            #4
"CINEMATICS 1"
,4,1

:
